Počet vstupních dat: 78400
Počet vstupních trénovacích dat: 78400
Počet vstupních predikovanýc dat: 1932

Atributy:
Date_time - standardized date and time of sighting
city - location of UFO sighting
state/province - the US state or Canadian province, appears blank for other locations
country - Country of UFO sighting
UFO_shape - a one word description of the "spacecraft"
length_of_encounter_seconds - standardized to seconds, length of the observation of the UFO
described_duration _of_encounter - raw description of the length of the encounter(shows uncertainty to previous column)
description - text description of the UFO encounter.Warning column is messy, with some curation it could lend itself to some natural language processing and await sw.WriteLineAsync analysis.
date_documented - when was the UFO sighting reported
latitude - latitude
longitude - longitude

Klasifikace pomoci Naive-Bayes (UFO_shape -> length_of_encounter_seconds + hour)
;class='cylinder';class='light';class='circle';class='sphere';class='disk';class='fireball';class='unknown';class='oval';class='other';class='cigar';class='rectangle';class='chevron';class='triangle';class='formation';class='delta';class='changing';class='egg';class='diamond';class='flash';class='teardrop';class='cone';class='cross';class='pyramid';class='round';class='crescent';class='flare';class='hexagon';class='dome';class='changed'
length_of_encounter_seconds='2700';0,01;0,02;0,02;0,01;0,01;0,00;0,02;0,01;0,01;0,01;0,01;0,01;0,01;0,01;0;0,02;0,01;0,01;0,01;0,00;0,02;0,00;0;0;0;0;0;0;0
length_of_encounter_seconds='7200';0,01;0,02;0,02;0,01;0,01;0,00;0,02;0,01;0,02;0,01;0,01;0,01;0,01;0,01;0;0,03;0,01;0,02;0,01;0,01;0,02;0,02;0;0;0;0;0;0;0
length_of_encounter_seconds='20';0,03;0,02;0,02;0,03;0,02;0,02;0,02;0,02;0,03;0,03;0,03;0,04;0,03;0,03;0;0,02;0,02;0,02;0,02;0,02;0,03;0,04;0;0;0;0;0;0;0
length_of_encounter_seconds='900';0,05;0,05;0,05;0,05;0,06;0,04;0,05;0,06;0,05;0,05;0,05;0,04;0,05;0,05;0,14;0,06;0,04;0,06;0,05;0,05;0,04;0,03;0;0,50;0;0;0;0;0
length_of_encounter_seconds='300';0,13;0,10;0,11;0,11;0,11;0,10;0,10;0,11;0,10;0,12;0,12;0,07;0,12;0,11;0,14;0,12;0,10;0,11;0,05;0,09;0,11;0,14;0;0;0;0;0;0;0
length_of_encounter_seconds='180';0,08;0,06;0,07;0,07;0,07;0,07;0,05;0,07;0,06;0,07;0,08;0,07;0,07;0,06;0;0,05;0,06;0,06;0,04;0,06;0,05;0,09;0;0;0;0;0;0;0
length_of_encounter_seconds='1200';0,04;0,04;0,04;0,04;0,04;0,03;0,04;0,04;0,04;0,03;0,03;0,03;0,03;0,04;0;0,07;0,03;0,04;0,02;0,02;0,03;0,04;0;0;0;0;0;0;0
length_of_encounter_seconds='120';0,09;0,08;0,09;0,09;0,10;0,10;0,09;0,09;0,08;0,10;0,10;0,07;0,10;0,09;0;0,07;0,11;0,10;0,05;0,08;0,09;0,09;1,00;0;0;0;0;0;0
length_of_encounter_seconds='1800';0,02;0,04;0,03;0,03;0,04;0,02;0,04;0,03;0,04;0,03;0,03;0,02;0,03;0,03;0;0,05;0,02;0,04;0,03;0,03;0,05;0,05;0;0;0;0;0;0;0
length_of_encounter_seconds='30';0,05;0,04;0,05;0,05;0,04;0,04;0,05;0,05;0,05;0,06;0,05;0,07;0,05;0,05;0;0,03;0,04;0,05;0,04;0,05;0,05;0,04;0;0;0;1,00;0;0;0
length_of_encounter_seconds='360';0,01;0,01;0,01;0,01;0,01;0,01;0,01;0,01;0,01;0,01;0,01;0,01;0,01;0,01;0;0,01;0,01;0,01;0,01;0,01;0,00;0,00;0;0;0;0;0;0;0
length_of_encounter_seconds='60';0,09;0,07;0,07;0,08;0,07;0,07;0,07;0,07;0,07;0,08;0,09;0,07;0,08;0,07;0,29;0,05;0,07;0,07;0,06;0,06;0,05;0,08;0;0;0;0;0;0;0
length_of_encounter_seconds='3';0,02;0,02;0,02;0,02;0,01;0,04;0,02;0,02;0,02;0,01;0,02;0,02;0,01;0,01;0;0,01;0,03;0,01;0,06;0,03;0,01;0,01;0;0;0;0;0;0;0
length_of_encounter_seconds='270';0;0,00;0,00;0;0;0;0,00;0,00;0;0,00;0;0;0,00;0;0;0;0;0,00;0;0;0;0;0;0;0;0;0;0;0
length_of_encounter_seconds='600';0,07;0,08;0,08;0,08;0,09;0,07;0,08;0,07;0,08;0,08;0,07;0,06;0,08;0,09;0;0,09;0,09;0,08;0,04;0,08;0,07;0,07;0;0;0;0;0;0;0
length_of_encounter_seconds='2';0,02;0,03;0,02;0,02;0,02;0,06;0,03;0,03;0,03;0,03;0,02;0,02;0,01;0,01;0;0,01;0,02;0,01;0,10;0,05;0,01;0,01;0;0;0;0;0;1,00;0
length_of_encounter_seconds='3600';0,02;0,03;0,03;0,03;0,03;0,01;0,03;0,03;0,03;0,02;0,02;0,01;0,02;0,02;0;0,05;0,02;0,04;0,03;0,03;0,05;0,04;0;0;0;0;0;0;1,00
length_of_encounter_seconds='10';0,04;0,04;0,04;0,04;0,04;0,05;0,04;0,04;0,05;0,05;0,05;0,08;0,05;0,05;0;0,02;0,04;0,03;0,05;0,05;0,03;0,02;0;0;0,50;0;0;0;0
length_of_encounter_seconds='8';0,01;0,00;0,00;0,01;0,01;0,01;0,00;0,01;0,01;0,00;0,00;0,01;0,01;0,01;0;0,00;0,01;0,01;0,01;0,00;0,01;0;0;0;0;0;0;0;0
length_of_encounter_seconds='5';0,03;0,03;0,04;0,03;0,02;0,06;0,03;0,04;0,04;0,04;0,03;0,05;0,03;0,03;0;0,01;0,04;0,02;0,08;0,05;0,02;0,02;0;0,50;0;0;0;0;0
length_of_encounter_seconds='14400';0,00;0,00;0,00;0,00;0,00;0,00;0,00;0,00;0,00;0,00;0,00;0,00;0,00;0,00;0,14;0,01;0,00;0,00;0,01;0,00;0,01;0;0;0;0;0;0;0;0
length_of_encounter_seconds='15';0,02;0,03;0,02;0,03;0,02;0,03;0,03;0,03;0,03;0,03;0,03;0,06;0,03;0,03;0,14;0,01;0,02;0,02;0,02;0,02;0,01;0,03;0;0;0;0;0;0;0
length_of_encounter_seconds='45';0,01;0,01;0,01;0,02;0,01;0,01;0,01;0,02;0,01;0,02;0,01;0,02;0,01;0,01;0;0,01;0,02;0,01;0,01;0,02;0,03;0,01;0;0;0;0;0;0;0
length_of_encounter_seconds='90';0,01;0,01;0,01;0,01;0,01;0,01;0,01;0,01;0,01;0,01;0,01;0,01;0,01;0,01;0;0,01;0,01;0,01;0,01;0,01;0,01;0,01;0;0;0;0;0;0;0
length_of_encounter_seconds='10800';0,00;0,01;0,01;0,01;0,01;0,00;0,01;0,01;0,01;0,00;0,00;0;0,01;0,01;0;0,02;0,01;0,01;0,00;0,00;0,01;0,00;0;0;0;0;0;0;0
length_of_encounter_seconds='240';0,04;0,03;0,03;0,03;0,03;0,03;0,02;0,03;0,02;0,03;0,02;0,02;0,03;0,03;0;0,03;0,02;0,03;0,02;0,02;0,01;0,03;0;0;0;0;1,00;0;0
length_of_encounter_seconds='43';0;0;0,00;0;0;0;0,00;0;0;0;0;0;0;0;0;0;0;0;0,00;0;0;0;0;0;0;0;0;0;0
length_of_encounter_seconds='18000';0,00;0,00;0,00;0,00;0,00;0,00;0,00;0,00;0,00;0,00;0,00;0;0,00;0,00;0;0,00;0,00;0,00;0,00;0,00;0,01;0;0;0;0;0;0;0;0
length_of_encounter_seconds='37800';0,00;0,00;0,00;0,00;0,00;0,00;0,00;0,00;0,00;0,00;0;0;0,00;0,00;0;0,00;0;0,00;0,00;0,00;0,01;0;0;0;0,50;0;0;0;0
length_of_encounter_seconds='3000';0,00;0,00;0,00;0,00;0,00;0,00;0,00;0,00;0,00;0,00;0,00;0,00;0,00;0,00;0;0,00;0,00;0;0,00;0;0,00;0,00;0;0;0;0;0;0;0
length_of_encounter_seconds='35';0,00;0,00;0,00;0,00;0,00;0,00;0,00;0,00;0,00;0,00;0;0,00;0,00;0,00;0;0,00;0;0,00;0,00;0,00;0;0;0;0;0;0;0;0;0
length_of_encounter_seconds='4';0,01;0,01;0,01;0,01;0,01;0,02;0,01;0,01;0,01;0,01;0,01;0,02;0,01;0,01;0;0,00;0,01;0,01;0,02;0,02;0;0,00;0;0;0;0;0;0;0
length_of_encounter_seconds='6';0,01;0,01;0,01;0,00;0,01;0,01;0,01;0,01;0,00;0,00;0,01;0,01;0,01;0,01;0;0,00;0,01;0,00;0,01;0,00;0;0,01;0;0;0;0;0;0;0
length_of_encounter_seconds='40';0,01;0,01;0,01;0,01;0,00;0,01;0,01;0,01;0,01;0,01;0,01;0,00;0,01;0,00;0;0,00;0,01;0,00;0,00;0,01;0,02;0;0;0;0;0;0;0;0
length_of_encounter_seconds='630';0;0,00;0,00;0;0;0;0;0;0;0;0;0;0;0;0;0,00;0;0;0;0;0;0;0;0;0;0;0;0;0
length_of_encounter_seconds='1';0,00;0,01;0,01;0,01;0,01;0,01;0,01;0,01;0,01;0,01;0,01;0,00;0,00;0,00;0;0,00;0,02;0,01;0,08;0,00;0,01;0,00;0;0;0;0;0;0;0
length_of_encounter_seconds='5400';0,00;0,00;0,00;0,00;0,00;0,00;0,00;0,00;0,00;0,00;0,00;0,00;0,00;0,00;0;0,01;0,00;0,00;0,01;0,00;0,01;0;0;0;0;0;0;0;0
length_of_encounter_seconds='1500';0,00;0,01;0,01;0,00;0,00;0,00;0,01;0,01;0,01;0,01;0,01;0,00;0,00;0,01;0;0,01;0,01;0,01;0,01;0,00;0,01;0,01;0;0;0;0;0;0;0
length_of_encounter_seconds='1351';0;0;0;0;0;0,00;0;0;0;0;0;0;0;0;0;0;0;0;0;0;0;0;0;0;0;0;0;0;0
length_of_encounter_seconds='540';0,00;0,00;0,00;0,00;0,00;0,00;0,00;0,00;0,00;0,00;0,00;0;0,00;0,00;0;0,00;0;0,00;0,00;0,00;0;0,00;0;0;0;0;0;0;0
length_of_encounter_seconds='720';0,00;0,00;0,00;0,00;0,00;0,00;0,00;0,00;0,00;0,00;0,00;0,00;0,00;0,00;0;0,00;0,00;0,01;0,00;0,01;0,01;0,02;0;0;0;0;0;0;0
length_of_encounter_seconds='13';0;0,00;0,00;0,00;0,00;0,00;0,00;0,00;0;0;0;0,00;0,00;0;0;0;0;0,00;0;0,00;0;0;0;0;0;0;0;0;0
length_of_encounter_seconds='420';0,01;0,01;0,01;0,01;0,01;0,01;0,01;0,01;0,01;0,01;0,01;0,01;0,01;0,02;0,14;0,01;0,00;0,01;0,00;0,01;0,02;0;0;0;0;0;0;0;0
length_of_encounter_seconds='2400';0,00;0,01;0,00;0,00;0,00;0,00;0,01;0,01;0,00;0,01;0,00;0,00;0,00;0,00;0;0,01;0,01;0,01;0,01;0,00;0,02;0;0;0;0;0;0;0;0
length_of_encounter_seconds='480';0,01;0,01;0,01;0,01;0,01;0,01;0,01;0,01;0,01;0,01;0,01;0,01;0,01;0,01;0;0,01;0,01;0,01;0,00;0,01;0,01;0;0;0;0;0;0;0;0
length_of_encounter_seconds='97836000';0;0;0;0,00;0;0;0;0;0;0;0;0;0;0;0;0;0;0;0;0;0;0;0;0;0;0;0;0;0
length_of_encounter_seconds='7';0,00;0,00;0,00;0,01;0,00;0,01;0,01;0,01;0,01;0,01;0,01;0,01;0,01;0,01;0;0,00;0,00;0,01;0,01;0,01;0,01;0;0;0;0;0;0;0;0
length_of_encounter_seconds='25';0,00;0,00;0,00;0,00;0,00;0,00;0,00;0,00;0,00;0,00;0,01;0,01;0,00;0,00;0;0,00;0,00;0,00;0,00;0,01;0;0,00;0;0;0;0;0;0;0
length_of_encounter_seconds='6312000';0;0,00;0,00;0;0;0;0,00;0,00;0,00;0;0;0;0;0;0;0;0;0;0;0;0;0;0;0;0;0;0;0;0
length_of_encounter_seconds='330';0;0,00;0,00;0;0;0;0;0;0;0;0,00;0;0;0;0;0,00;0;0,00;0;0;0;0;0;0;0;0;0;0;0
length_of_encounter_seconds='9000';0;0,00;0,00;0,00;0,00;0,00;0,00;0,00;0,00;0;0;0,00;0,00;0,00;0;0,00;0,00;0;0,00;0,00;0;0;0;0;0;0;0;0;0
length_of_encounter_seconds='1020';0;0,00;0,00;0,00;0,00;0,00;0,00;0,00;0,00;0,00;0;0,00;0,00;0,00;0;0,00;0;0,00;0,00;0;0,00;0;0;0;0;0;0;0;0
length_of_encounter_seconds='28800';0;0,00;0;0;0,00;0;0,00;0,00;0,00;0;0,00;0;0,00;0;0;0,00;0;0,00;0;0,00;0;0;0;0;0;0;0;0;0
length_of_encounter_seconds='12';0,00;0,00;0,00;0,00;0,00;0,00;0,00;0,00;0,00;0,00;0,00;0,00;0,00;0,00;0;0,00;0,01;0,00;0,00;0,01;0,01;0,00;0;0;0;0;0;0;0
length_of_encounter_seconds='75';0,00;0,00;0,00;0,00;0,00;0,00;0,00;0;0,00;0,00;0;0,00;0,00;0,00;0;0,00;0;0,00;0;0;0,00;0;0;0;0;0;0;0;0
length_of_encounter_seconds='150';0;0,00;0,00;0,00;0;0,00;0,00;0,00;0,00;0,00;0,00;0;0,00;0,00;0;0,00;0;0,00;0;0,00;0;0;0;0;0;0;0;0;0
length_of_encounter_seconds='14';0;0,00;0,00;0,00;0,00;0,00;0,00;0,00;0,00;0,00;0;0;0;0;0;0;0;0,00;0;0;0;0;0;0;0;0;0;0;0
length_of_encounter_seconds='9';0;0,00;0,00;0,00;0,00;0,00;0,00;0,00;0,00;0;0,00;0;0,00;0,00;0;0;0;0;0,00;0;0,00;0,00;0;0;0;0;0;0;0
length_of_encounter_seconds='29';0;0,00;0;0;0;0;0;0;0;0;0;0;0,00;0;0;0;0;0;0;0;0;0;0;0;0;0;0;0;0
length_of_encounter_seconds='1260';0;0,00;0,00;0,00;0,00;0,00;0,00;0,00;0,00;0,00;0;0;0,00;0,00;0;0;0;0;0;0,00;0;0;0;0;0;0;0;0;0
length_of_encounter_seconds='11';0,00;0,00;0,00;0,00;0,00;0,00;0;0;0;0,00;0,00;0;0,00;0;0;0,00;0,00;0;0;0;0;0;0;0;0;0;0;0;0
length_of_encounter_seconds='7620';0;0;0;0;0;0;0;0;0;0;0;0;0;0,00;0;0;0;0;0;0;0;0;0;0;0;0;0;0;0
length_of_encounter_seconds='2100';0,00;0,00;0,00;0,00;0,00;0,00;0,00;0,00;0,00;0,00;0,00;0,00;0,00;0,00;0;0,00;0,00;0,00;0,00;0,00;0;0,00;0;0;0;0;0;0;0
length_of_encounter_seconds='1080';0;0,00;0,00;0,00;0,00;0,00;0,00;0,00;0,00;0,00;0,00;0,00;0,00;0,00;0;0,00;0;0,00;0;0,00;0;0;0;0;0;0;0;0;0
length_of_encounter_seconds='22';0;0;0,00;0;0,00;0,00;0,00;0;0,00;0;0,00;0;0;0;0;0,00;0;0,00;0;0;0;0;0;0;0;0;0;0;0
length_of_encounter_seconds='1620';0;0,00;0,00;0,00;0,00;0;0,00;0;0;0;0;0;0,00;0;0;0;0;0;0;0;0;0;0;0;0;0;0;0;0
length_of_encounter_seconds='65';0;0,00;0;0,00;0;0;0,00;0;0,00;0,00;0;0;0;0,00;0;0;0;0;0;0;0;0;0;0;0;0;0;0;0
length_of_encounter_seconds='3300';0;0,00;0,00;0,00;0,00;0;0,00;0,00;0,00;0;0;0;0,00;0;0;0,00;0;0,00;0,00;0;0;0;0;0;0;0;0;0;0
length_of_encounter_seconds='172800';0;0,00;0,00;0,00;0;0,00;0,00;0;0,00;0,00;0;0;0,00;0;0;0,00;0;0,00;0;0,00;0;0;0;0;0;0;0;0;0
length_of_encounter_seconds='50';0,00;0,00;0,00;0,00;0,00;0,00;0,00;0,00;0,00;0,00;0,00;0,00;0,00;0,00;0;0,00;0;0;0,00;0,00;0,01;0;0;0;0;0;0;0;0
length_of_encounter_seconds='17';0,00;0,00;0;0,00;0,00;0;0,00;0;0,00;0;0,00;0;0,00;0,00;0;0;0;0;0;0;0;0;0;0;0;0;0;0;0
length_of_encounter_seconds='259200';0,00;0,00;0,00;0,00;0,00;0;0,00;0,00;0,00;0;0;0;0;0,00;0;0;0,00;0;0;0;0;0;0;0;0;0;0;0;0
length_of_encounter_seconds='660';0,00;0,00;0,00;0,00;0,00;0;0,00;0,00;0,00;0,00;0;0;0;0;0;0,00;0;0,00;0;0,00;0,01;0;0;0;0;0;0;0;0
length_of_encounter_seconds='2640';0;0,00;0;0;0,00;0;0;0;0;0;0;0;0;0;0;0;0;0;0;0;0;0;0;0;0;0;0;0;0
length_of_encounter_seconds='55';0;0,00;0,00;0,00;0;0,00;0,00;0;0,00;0;0;0;0,00;0;0;0,00;0;0;0;0,00;0;0;0;0;0;0;0;0;0
length_of_encounter_seconds='1350';0;0,00;0,00;0;0;0,00;0;0;0,00;0;0;0;0;0;0;0,00;0;0;0,00;0;0;0;0;0;0;0;0;0;0
length_of_encounter_seconds='4200';0,00;0,00;0;0,00;0,00;0;0,00;0,00;0,00;0,00;0,00;0;0,00;0,00;0;0;0,00;0;0;0;0;0;0;0;0;0;0;0;0
length_of_encounter_seconds='16';0,00;0,00;0,00;0,00;0;0,00;0,00;0;0,00;0;0,00;0;0,00;0;0;0,00;0;0,00;0;0;0;0;0;0;0;0;0;0;0
length_of_encounter_seconds='1.5';0,00;0,00;0,00;0,00;0,00;0,00;0,00;0,00;0,00;0,00;0,00;0,00;0,00;0,00;0;0;0,00;0,00;0,00;0,00;0;0;0;0;0;0;0;0;0
length_of_encounter_seconds='0.1';0;0;0,00;0;0;0;0;0;0,00;0;0;0;0;0;0;0;0,00;0;0;0;0;0;0;0;0;0;0;0;0
length_of_encounter_seconds='21600';0;0,00;0,00;0,00;0,00;0,00;0,00;0,00;0,00;0,00;0,00;0,00;0,00;0,00;0;0,00;0,00;0;0,00;0;0,00;0;0;0;0;0;0;0;0
length_of_encounter_seconds='36000';0;0,00;0,00;0;0,00;0;0;0;0,00;0;0;0;0,00;0;0;0;0;0;0;0;0;0;0;0;0;0;0;0;0
length_of_encounter_seconds='315';0;0;0;0;0;0;0,00;0;0,00;0;0,00;0;0;0;0;0;0;0;0;0;0;0;0;0;0;0;0;0;0
length_of_encounter_seconds='165';0;0;0;0;0;0;0;0;0;0,00;0;0;0,00;0,00;0;0;0;0;0;0;0;0;0;0;0;0;0;0;0
length_of_encounter_seconds='0.05';0;0,00;0,00;0;0;0;0,00;0;0,00;0;0;0;0;0;0;0;0;0;0,00;0;0;0;0;0;0;0;0;0;0
length_of_encounter_seconds='1320';0;0,00;0,00;0,00;0;0,00;0,00;0;0;0;0,00;0;0,00;0,00;0;0,00;0;0,00;0;0,00;0;0;0;0;0;0;0;0;0
length_of_encounter_seconds='1380';0;0,00;0,00;0,00;0,00;0,00;0;0,00;0,00;0,00;0;0;0,00;0,00;0;0,00;0,00;0;0;0;0;0,00;0;0;0;0;0;0;0
length_of_encounter_seconds='0.5';0;0,00;0,00;0,00;0;0,00;0,00;0;0,00;0,00;0;0;0,00;0;0;0;0;0,00;0,00;0,00;0;0;0;0;0;0;0;0;0
length_of_encounter_seconds='1.2';0;0,00;0;0,00;0;0,00;0,00;0,00;0,00;0;0;0;0,00;0;0;0;0;0;0;0;0;0;0;0;0;0;0;0;0
length_of_encounter_seconds='6300';0;0,00;0,00;0,00;0,00;0,00;0,00;0,00;0,00;0;0;0;0,00;0,00;0;0,00;0;0,00;0;0;0;0;0;0;0;0;0;0;0
length_of_encounter_seconds='1860';0;0;0,00;0;0;0;0;0,00;0;0;0;0;0;0;0;0;0;0;0;0;0;0;0;0;0;0;0;0;0
length_of_encounter_seconds='120.1';0;0;0;0,00;0;0;0;0;0;0;0;0;0;0;0;0;0;0;0;0;0;0;0;0;0;0;0;0;0
length_of_encounter_seconds='1396';0;0;0;0;0;0;0;0;0;0;0;0;0;0,00;0;0;0;0;0;0;0;0;0;0;0;0;0;0;0
length_of_encounter_seconds='718';0;0;0;0;0;0;0,00;0;0;0;0;0;0;0;0;0;0;0;0;0;0;0;0;0;0;0;0;0;0
length_of_encounter_seconds='2.5';0;0,00;0,00;0,00;0,00;0,00;0;0;0,00;0;0;0;0;0;0;0;0;0;0;0;0;0;0;0;0;0;0;0;0
length_of_encounter_seconds='432000';0;0,00;0,00;0;0;0;0;0,00;0;0;0;0;0;0,00;0;0;0;0;0;0;0,00;0;0;0;0;0;0;0;0
length_of_encounter_seconds='1560';0;0,00;0;0;0,00;0,00;0,00;0;0,00;0;0;0;0;0;0;0,00;0;0,00;0;0;0;0;0;0;0;0;0;0;0
length_of_encounter_seconds='80';0;0,00;0,00;0,00;0,00;0,00;0,00;0;0,00;0,00;0;0;0,00;0;0;0;0,00;0;0;0;0;0;0;0;0;0;0;0;0
length_of_encounter_seconds='4500';0,00;0,00;0,00;0,00;0,00;0;0,00;0,00;0,00;0,00;0,00;0;0,00;0,00;0;0,00;0;0,00;0;0,00;0,00;0;0;0;0;0;0;0;0
length_of_encounter_seconds='147';0;0;0;0;0;0;0;0;0;0;0;0;0;0;0;0,00;0;0;0;0;0;0;0;0;0;0;0;0;0
length_of_encounter_seconds='780';0,00;0,00;0,00;0,00;0,00;0,00;0,00;0,00;0,00;0,00;0;0;0,00;0,00;0;0,00;0;0;0,00;0;0;0,00;0;0;0;0;0;0;0
length_of_encounter_seconds='960';0;0,00;0,00;0,00;0,00;0,00;0,00;0,00;0,00;0;0,00;0;0,00;0;0;0,00;0,00;0;0,00;0;0;0;0;0;0;0;0;0;0
length_of_encounter_seconds='73800';0;0,00;0,00;0,00;0,00;0;0,00;0,00;0,00;0;0;0;0,00;0,00;0;0,00;0,00;0;0;0;0;0;0;0;0;0;0;0;0
length_of_encounter_seconds='2631600';0,00;0,00;0;0;0;0,00;0;0;0,00;0;0;0;0,00;0;0;0;0;0;0;0;0;0;0;0;0;0;0;0;0
length_of_encounter_seconds='23';0;0,00;0;0,00;0,00;0,00;0;0,00;0;0;0;0;0;0,00;0;0;0,00;0,00;0;0;0;0;0;0;0;0;0;0;0
length_of_encounter_seconds='31';0;0;0;0;0;0;0;0;0,00;0;0;0;0,00;0;0;0;0;0;0;0;0;0;0;0;0;0;0;0;0
length_of_encounter_seconds='78';0;0,00;0;0,00;0,00;0;0,00;0;0;0;0;0;0,00;0;0;0;0,00;0;0;0;0;0;0;0;0;0;0;0;0
length_of_encounter_seconds='109800';0;0,00;0,00;0,00;0,00;0;0,00;0;0,00;0,00;0;0;0,00;0;0;0,00;0,00;0;0;0;0;0;0;0;0;0;0;0;0
length_of_encounter_seconds='24';0,00;0;0,00;0;0;0,00;0,00;0;0;0;0;0,00;0,00;0;0;0;0;0;0;0;0,00;0;0;0;0;0;0;0;0
length_of_encounter_seconds='1733';0;0;0;0;0;0;0;0;0;0;0;0;0;0;0;0;0;0;0,00;0;0;0;0;0;0;0;0;0;0
length_of_encounter_seconds='0.001';0;0;0;0;0;0;0;0;0;0;0;0;0;0;0;0;0;0;0,00;0;0;0;0;0;0;0;0;0;0
length_of_encounter_seconds='604800';0;0,00;0;0,00;0;0;0,00;0,00;0;0;0;0;0,00;0,00;0;0;0;0;0;0;0;0;0;0;0;0;0;0;0
length_of_encounter_seconds='61';0;0;0;0;0;0;0;0;0,00;0;0;0;0,00;0,00;0;0;0;0;0;0;0;0;0;0;0;0;0;0;0
length_of_encounter_seconds='114';0;0;0;0,00;0;0;0;0;0;0;0;0;0;0;0;0;0;0;0;0;0;0;0;0;0;0;0;0;0
length_of_encounter_seconds='18';0,00;0,00;0,00;0;0,00;0,00;0,00;0,00;0;0;0;0;0,00;0,00;0;0,00;0;0,00;0;0,00;0;0;0;0;0;0;0;0;0
length_of_encounter_seconds='27';0;0,00;0;0;0,00;0;0,00;0;0,00;0;0;0;0;0;0;0,00;0;0;0;0;0;0;0;0;0;0;0;0;0
length_of_encounter_seconds='1295';0;0;0;0;0;0;0;0,00;0;0;0;0;0;0;0;0;0;0;0;0;0;0;0;0;0;0;0;0;0
length_of_encounter_seconds='19';0;0,00;0;0;0;0,00;0;0;0,00;0;0;0;0;0;0;0;0;0;0;0;0;0;0;0;0;0;0;0;0
length_of_encounter_seconds='130';0;0;0;0,00;0,00;0,00;0;0;0;0;0;0;0;0;0;0;0;0;0;0;0,00;0;0;0;0;0;0;0;0
length_of_encounter_seconds='1000';0;0;0;0;0,00;0;0;0;0;0;0;0;0;0;0;0;0;0;0;0;0;0;0;0;0;0;0;0;0
length_of_encounter_seconds='43200';0;0,00;0,00;0;0;0;0;0,00;0;0;0;0;0,00;0;0;0,00;0;0;0;0;0;0;0;0;0;0;0;0;0
length_of_encounter_seconds='2220';0;0,00;0;0;0,00;0;0;0;0;0;0;0;0,00;0;0;0;0;0,00;0;0,00;0;0;0;0;0;0;0;0;0
length_of_encounter_seconds='4800';0;0,00;0,00;0;0;0;0,00;0;0;0;0;0;0,00;0;0;0,00;0;0,00;0;0;0;0;0;0;0;0;0;0;0
length_of_encounter_seconds='34';0;0,00;0,00;0,00;0;0,00;0,00;0;0;0;0;0;0;0,00;0;0;0;0;0;0;0;0;0;0;0;0;0;0;0
length_of_encounter_seconds='1140';0,00;0,00;0,00;0;0,00;0;0,00;0,00;0;0;0,00;0;0,00;0;0;0,00;0,00;0;0;0,00;0;0,00;0;0;0;0;0;0;0
length_of_encounter_seconds='1194';0;0;0;0;0;0;0;0;0;0;0;0;0;0;0;0;0,00;0;0;0;0;0;0;0;0;0;0;0;0
length_of_encounter_seconds='840';0;0,00;0,00;0,00;0,00;0,00;0;0,00;0;0;0;0;0,00;0,00;0;0,00;0,00;0,00;0;0;0;0;0;0;0;0;0;0;0
length_of_encounter_seconds='38';0;0,00;0,00;0;0;0,00;0;0;0;0,00;0;0;0;0;0;0;0;0;0,00;0;0;0;0;0;0;0;0;0;0
length_of_encounter_seconds='2880';0;0,00;0,00;0;0,00;0;0;0;0;0;0,00;0;0;0;0;0;0;0;0;0,00;0;0;0;0;0;0;0;0;0
length_of_encounter_seconds='0.4';0;0;0,00;0;0;0;0;0;0;0;0;0,00;0;0;0;0;0;0;0;0;0;0;0;0;0;0;0;0;0
length_of_encounter_seconds='6000';0,00;0,00;0;0,00;0,00;0,00;0,00;0;0;0;0;0,00;0,00;0;0;0;0;0;0;0;0;0;0;0;0;0;0;0;0
length_of_encounter_seconds='3.8';0;0;0;0,00;0;0;0;0;0;0;0;0;0;0;0;0;0;0;0;0;0;0;0;0;0;0;0;0;0
length_of_encounter_seconds='5760';0,00;0;0;0;0;0;0;0;0;0;0;0;0;0;0;0;0;0;0;0;0;0;0;0;0;0;0;0;0
length_of_encounter_seconds='1680';0;0,00;0,00;0,00;0,00;0,00;0,00;0;0;0,00;0;0;0,00;0;0;0,00;0;0;0;0,00;0;0;0;0;0;0;0;0;0
length_of_encounter_seconds='10526400';0;0;0,00;0;0;0,00;0,00;0;0;0;0;0;0;0;0;0;0;0;0;0;0;0;0;0;0;0;0;0;0
length_of_encounter_seconds='258';0;0;0;0;0,00;0;0;0;0;0;0;0;0;0;0;0;0;0;0;0;0,00;0;0;0;0;0;0;0;0
length_of_encounter_seconds='3040';0;0;0;0;0,00;0;0;0;0;0;0;0;0;0;0;0;0;0;0;0;0;0;0;0;0;0;0;0;0
length_of_encounter_seconds='7080';0,00;0;0;0;0;0;0;0;0;0;0;0;0;0;0;0;0;0;0;0;0;0;0;0;0;0;0;0;0
length_of_encounter_seconds='1209600';0;0,00;0;0,00;0;0;0,00;0;0,00;0;0;0;0;0;0;0;0;0;0;0;0;0;0;0;0;0;0;0;0
length_of_encounter_seconds='2160';0;0,00;0,00;0;0,00;0;0;0;0;0;0;0;0,00;0,00;0;0;0;0;0;0;0;0;0;0;0;0;0;0;0
length_of_encounter_seconds='1263';0;0;0,00;0;0;0;0;0;0;0;0;0;0;0;0;0;0;0;0;0;0;0;0;0;0;0;0;0;0
length_of_encounter_seconds='1270';0;0,00;0;0;0;0;0;0;0;0;0;0;0;0;0;0;0;0;0;0;0;0;0;0;0;0;0;0;0
length_of_encounter_seconds='41';0;0;0;0;0;0;0;0;0,00;0;0;0;0;0;0;0;0;0;0;0;0;0;0;0;0;0;0;0;0
length_of_encounter_seconds='0.08';0;0,00;0,00;0;0;0;0;0;0;0;0;0;0;0;0;0;0;0;0;0;0;0;0;0;0;0;0;0;0
length_of_encounter_seconds='7800';0;0;0;0;0,00;0;0;0;0;0;0;0;0;0;0;0;0;0,00;0;0;0;0;0;0;0;0;0;0;0
length_of_encounter_seconds='3420';0;0;0;0;0;0;0;0;0;0;0;0,00;0;0;0;0;0;0;0;0;0;0;0;0;0;0;0;0;0
length_of_encounter_seconds='350';0;0;0;0;0;0;0;0;0,00;0;0;0;0;0;0;0;0;0;0;0;0;0;0;0;0;0;0;0;0
length_of_encounter_seconds='135';0;0,00;0;0;0;0,00;0,00;0;0,00;0;0;0;0,00;0;0;0;0;0;0;0;0;0;0;0;0;0;0;0;0
length_of_encounter_seconds='510';0;0;0;0,00;0;0;0;0;0;0,00;0;0;0;0;0;0;0;0;0;0;0;0;0;0;0;0;0;0;0
length_of_encounter_seconds='72';0;0,00;0;0;0,00;0;0;0;0;0;0,00;0;0,00;0;0;0;0;0;0;0;0;0;0;0;0;0;0;0;0
length_of_encounter_seconds='59';0;0,00;0;0;0,00;0;0;0;0;0;0;0;0;0;0;0;0;0;0;0;0;0;0;0;0;0;0;0;0
length_of_encounter_seconds='100';0;0,00;0,00;0;0;0,00;0;0,00;0,00;0,00;0;0;0;0,00;0;0;0;0;0;0;0;0,00;0;0;0;0;0;0;0
length_of_encounter_seconds='1305';0;0;0,00;0,00;0;0;0;0;0,00;0;0;0;0;0;0;0;0;0;0;0;0;0;0;0;0;0;0;0;0
length_of_encounter_seconds='36';0;0,00;0,00;0;0,00;0,00;0,00;0,00;0,00;0;0,00;0;0;0;0;0;0;0;0;0,00;0;0;0;0;0;0;0;0;0
length_of_encounter_seconds='12600';0;0,00;0,00;0,00;0,00;0;0,00;0;0,00;0;0;0;0,00;0;0;0;0;0;0,00;0;0;0;0;0;0;0;0;0;0
length_of_encounter_seconds='1920';0;0,00;0;0;0,00;0,00;0,00;0,00;0;0;0;0;0,00;0;0;0;0;0,00;0;0;0;0,00;0;0;0;0;0;0;0
length_of_encounter_seconds='140';0;0,00;0;0;0;0;0;0;0;0;0,00;0;0;0;0;0;0;0;0;0;0;0;0;0;0;0;0;0;0
length_of_encounter_seconds='70';0;0,00;0,00;0,00;0;0,00;0,00;0,00;0,00;0,00;0;0,00;0,00;0,00;0;0,00;0;0;0;0;0;0;0;0;0;0;0;0;0
length_of_encounter_seconds='2580';0;0,00;0;0,00;0;0;0,00;0;0;0;0;0;0,00;0;0;0;0;0;0;0;0;0,00;0;0;0;0;0;0;0
length_of_encounter_seconds='2820';0;0,00;0;0;0,00;0;0;0;0;0;0;0;0;0;0;0;0;0;0;0;0;0;0;0;0;0;0;0;0
length_of_encounter_seconds='606';0;0;0;0;0;0;0,00;0;0;0;0;0;0;0;0;0;0;0;0;0;0;0;0;0;0;0;0;0;0
length_of_encounter_seconds='12000';0;0;0;0;0;0;0;0;0;0;0;0;0,00;0;0;0;0;0;0;0;0;0;0;0;0;0;0;0;0
length_of_encounter_seconds='159';0;0;0;0,00;0;0;0;0;0;0;0;0;0;0;0;0;0;0;0;0;0;0;0;0;0;0;0;0;0
length_of_encounter_seconds='2940';0;0,00;0;0;0,00;0;0;0;0;0;0;0;0;0;0;0;0;0;0;0;0;0;0;0;0;0;0;0;0
length_of_encounter_seconds='2040';0;0,00;0,00;0;0;0;0,00;0;0,00;0;0;0,00;0;0,00;0;0,00;0;0,00;0;0;0;0;0;0;0;0;0;0;0
length_of_encounter_seconds='4380';0;0;0;0;0;0;0,00;0;0;0;0;0;0;0;0;0;0;0;0;0;0;0;0;0;0;0;0;0;0
length_of_encounter_seconds='105';0;0,00;0,00;0,00;0,00;0,00;0;0;0;0,00;0,00;0;0,00;0,00;0;0;0;0;0;0,00;0;0;0;0;0;0;0;0;0
length_of_encounter_seconds='44';0;0;0,00;0;0;0,00;0;0;0;0;0;0;0;0;0;0;0;0;0;0;0;0;0;0;0;0;0;0;0
length_of_encounter_seconds='25200';0;0,00;0;0,00;0,00;0;0;0;0,00;0,00;0;0;0,00;0;0;0,00;0;0;0,00;0;0;0;0;0;0;0;0;0;0
length_of_encounter_seconds='7500';0;0,00;0;0;0;0,00;0;0;0;0,00;0;0;0;0;0;0;0;0;0;0;0;0;0;0;0;0;0;0;0
length_of_encounter_seconds='9900';0;0,00;0,00;0;0;0;0,00;0;0;0;0;0;0;0;0;0;0;0,00;0,00;0;0;0;0;0;0;0;0;0;0
length_of_encounter_seconds='1046';0;0;0;0;0;0;0;0,00;0;0;0;0;0;0;0;0;0;0;0;0;0;0;0;0;0;0;0;0;0
length_of_encounter_seconds='32';0;0;0,00;0;0;0;0;0;0,00;0;0;0;0;0;0;0;0;0;0;0;0;0;0;0;0;0;0;0;0
length_of_encounter_seconds='68814';0;0;0;0;0;0;0;0;0,00;0;0;0;0;0;0;0;0;0;0;0;0;0;0;0;0;0;0;0;0
length_of_encounter_seconds='570';0;0,00;0;0;0;0;0;0;0;0;0;0;0;0;0;0;0;0;0;0;0;0;0;0;0;0;0;0;0
length_of_encounter_seconds='60.3';0;0,00;0,00;0,00;0;0,00;0,00;0;0,00;0;0;0,00;0,00;0;0;0,00;0;0;0;0;0;0;0;0;0;0;0;0;0
length_of_encounter_seconds='1245';0;0;0,00;0;0;0;0,00;0;0;0;0;0;0;0;0;0;0;0;0;0;0;0;0;0;0;0;0;0;0
length_of_encounter_seconds='210';0;0,00;0;0,00;0,00;0,00;0,00;0,00;0;0,00;0,00;0;0,00;0;0;0;0;0;0;0;0;0,00;0;0;0;0;0;0;0
length_of_encounter_seconds='1084';0;0;0;0;0;0;0,00;0;0;0;0;0;0;0;0;0;0;0;0;0;0;0;0;0;0;0;0;0;0
length_of_encounter_seconds='373';0;0;0;0;0,00;0;0;0;0;0;0;0;0;0;0;0;0;0;0;0;0;0;0;0;0;0;0;0;0
length_of_encounter_seconds='86400';0;0,00;0,00;0,00;0,00;0;0,00;0,00;0,00;0,00;0,00;0;0,00;0;0;0,00;0,00;0,00;0;0;0;0;0;0;0;0;0;0;0
length_of_encounter_seconds='1060';0;0;0;0;0;0;0,00;0;0;0;0;0;0;0;0;0;0;0;0;0;0;0;0;0;0;0;0;0;0
length_of_encounter_seconds='465';0;0;0;0;0;0,00;0;0;0;0;0;0;0;0;0;0;0;0;0;0;0;0;0;0;0;0;0;0;0
length_of_encounter_seconds='2520';0;0;0,00;0,00;0,00;0;0;0;0;0;0;0;0;0;0;0;0;0,00;0;0,00;0;0;0;0;0;0;0;0;0
length_of_encounter_seconds='1440';0;0,00;0,00;0;0;0,00;0,00;0;0,00;0;0;0;0,00;0,00;0;0,00;0;0,00;0;0;0,00;0;0;0;0;0;0;0;0
length_of_encounter_seconds='1325';0;0,00;0;0;0,00;0;0;0;0,00;0;0;0;0,00;0;0;0;0;0;0;0;0;0;0;0;0;0;0;0;0
length_of_encounter_seconds='16200';0;0,00;0;0;0,00;0;0,00;0,00;0,00;0;0,00;0;0,00;0;0;0;0;0;0;0;0;0;0;0;0;0;0;0;0
length_of_encounter_seconds='751';0;0;0;0;0;0,00;0;0;0;0;0;0;0,00;0;0;0;0;0;0;0;0;0;0;0;0;0;0;0;0
length_of_encounter_seconds='1980';0;0,00;0,00;0;0,00;0;0;0;0,00;0;0;0;0,00;0;0;0;0;0;0;0,00;0;0;0;0;0;0;0;0;0
length_of_encounter_seconds='1273';0;0;0;0;0;0;0;0;0;0;0;0;0,00;0;0;0;0;0;0;0;0;0;0;0;0;0;0;0;0
length_of_encounter_seconds='438';0;0;0;0;0;0;0;0;0;0,00;0;0;0;0;0;0;0;0;0;0;0;0;0;0;0;0;0;0;0
length_of_encounter_seconds='275';0;0,00;0;0;0;0;0;0;0;0;0;0;0;0;0;0;0;0;0;0;0;0;0;0;0;0;0;0;0
length_of_encounter_seconds='13500';0;0;0;0;0;0;0;0;0,00;0;0;0;0;0;0;0,00;0;0;0;0;0;0;0;0;0;0;0;0;0
length_of_encounter_seconds='361800';0;0;0;0;0;0;0;0;0;0;0;0;0,00;0;0;0;0;0;0;0;0;0;0;0;0;0;0;0;0
length_of_encounter_seconds='0.02';0;0;0;0;0;0,00;0;0;0;0;0;0;0;0;0;0;0;0,00;0;0;0;0;0;0;0;0;0;0;0
length_of_encounter_seconds='138';0;0;0;0;0,00;0;0;0;0;0;0;0;0,00;0;0;0;0;0;0;0;0;0;0;0;0;0;0;0;0
length_of_encounter_seconds='188';0;0;0;0;0,00;0;0;0;0;0;0;0;0;0;0;0;0;0;0;0;0;0;0;0;0;0;0;0;0
length_of_encounter_seconds='209';0;0;0;0;0;0;0;0;0;0;0;0;0;0,00;0;0;0;0;0;0;0;0;0;0;0;0;0;0;0
length_of_encounter_seconds='3.5';0;0,00;0,00;0;0,00;0,00;0;0;0,00;0;0;0;0,00;0;0;0;0,00;0;0;0;0;0;0;0;0;0;0;0;0
length_of_encounter_seconds='0.2';0;0;0;0;0;0;0,00;0;0,00;0;0;0;0;0;0;0;0;0;0;0;0;0;0;0;0;0;0;0;0
length_of_encounter_seconds='15660';0;0;0;0;0;0;0;0;0;0;0;0;0;0;0;0,00;0;0;0;0;0;0;0;0;0;0;0;0;0
length_of_encounter_seconds='625';0;0;0;0;0,00;0;0;0;0;0,00;0;0;0;0;0;0;0;0;0;0;0;0;0;0;0;0;0;0;0
length_of_encounter_seconds='1224';0;0;0;0;0;0;0;0;0;0;0;0;0;0;0;0;0;0,00;0;0;0;0;0;0;0;0;0;0;0
length_of_encounter_seconds='60.15';0;0,00;0;0;0;0;0;0;0;0;0;0;0;0;0;0;0;0;0;0;0;0;0;0;0;0;0;0;0
length_of_encounter_seconds='1230';0;0;0,00;0;0;0;0;0;0;0;0;0;0;0;0;0;0;0;0;0;0;0;0;0;0;0;0;0;0
length_of_encounter_seconds='1935';0;0;0,00;0;0;0;0;0;0;0;0;0;0;0;0;0;0;0;0;0;0;0;0;0;0;0;0;0;0
length_of_encounter_seconds='2340';0;0;0;0;0;0;0,00;0;0,00;0;0;0;0,00;0;0;0;0;0;0;0;0;0;0;0;0;0;0;0;0
length_of_encounter_seconds='1300';0;0;0;0;0;0;0;0;0;0;0;0;0,00;0;0;0;0;0;0,00;0;0;0;0;0;0;0;0;0;0
length_of_encounter_seconds='21';0;0;0;0;0;0;0;0;0;0;0;0;0,00;0;0;0;0,00;0;0;0;0,00;0;0;0;0;0;0;0;0
length_of_encounter_seconds='39';0;0;0,00;0,00;0;0;0;0;0;0;0;0;0;0;0;0,00;0;0;0;0;0;0;0;0;0;0;0;0;0
length_of_encounter_seconds='4140';0;0,00;0,00;0;0;0;0;0;0;0;0;0;0;0;0;0;0;0;0;0;0;0;0;0;0;0;0;0;0
length_of_encounter_seconds='450';0;0;0,00;0,00;0;0;0;0,00;0;0;0;0;0,00;0;0;0;0;0;0;0;0;0;0;0;0;0;0;0;0
length_of_encounter_seconds='15300';0;0,00;0;0;0;0;0,00;0;0;0;0;0;0;0;0;0;0;0;0;0;0;0;0;0;0;0;0;0;0
length_of_encounter_seconds='1425';0;0;0;0;0,00;0;0,00;0;0;0;0;0;0;0;0;0;0;0,00;0;0;0;0;0;0;0;0;0;0;0
length_of_encounter_seconds='0.6';0;0;0;0;0,00;0;0;0;0;0;0;0;0;0;0;0;0;0;0;0;0;0;0;0;0;0;0;0;0
length_of_encounter_seconds='52';0;0,00;0;0;0;0;0;0;0,00;0;0;0;0;0;0;0;0;0;0;0;0;0;0;0;0;0;0;0;0
length_of_encounter_seconds='53';0;0;0;0;0,00;0;0;0;0,00;0;0;0;0;0;0;0;0;0;0;0;0;0;0;0;0;0;0;0;0
length_of_encounter_seconds='620';0;0;0;0;0;0;0;0;0;0;0;0;0;0;0;0,00;0;0;0;0;0;0;0;0;0;0;0;0;0
length_of_encounter_seconds='85';0,00;0;0,00;0;0;0;0;0;0;0;0;0;0,00;0;0;0;0;0;0;0,00;0;0;0;0;0;0;0;0;0
length_of_encounter_seconds='219300';0;0;0;0;0,00;0;0,00;0;0;0;0;0;0;0;0;0;0;0;0;0;0;0;0;0;0;0;0;0;0
length_of_encounter_seconds='345';0;0,00;0;0;0;0;0;0;0;0;0;0;0;0;0;0;0;0;0;0;0;0;0;0;0;0;0;0;0
length_of_encounter_seconds='380';0;0;0;0;0;0;0;0;0;0;0;0;0;0,00;0;0;0;0;0;0;0;0;0;0;0;0;0;0;0
length_of_encounter_seconds='965';0;0;0;0;0;0;0;0;0;0;0;0;0;0;0;0,00;0;0;0;0;0;0;0;0;0;0;0;0;0
length_of_encounter_seconds='1335';0;0,00;0;0;0;0;0;0;0;0;0;0;0;0;0;0,00;0;0;0,00;0;0;0;0;0;0;0;0;0;0
length_of_encounter_seconds='0.57';0;0;0,00;0;0;0;0;0;0;0;0;0;0;0;0;0;0;0;0;0;0;0;0;0;0;0;0;0;0
length_of_encounter_seconds='32400';0,00;0,00;0,00;0,00;0;0;0;0;0,00;0;0;0;0;0;0;0;0;0;0;0;0;0;0;0;0;0;0;0;0
length_of_encounter_seconds='4680';0;0,00;0;0;0;0;0;0;0;0;0;0;0;0;0;0;0;0;0;0;0;0;0;0;0;0;0;0;0
length_of_encounter_seconds='26';0;0,00;0;0;0;0,00;0,00;0;0;0,00;0;0;0,00;0;0;0;0;0;0;0;0;0;0;0;0;0;0;0;0
length_of_encounter_seconds='1.6';0;0;0,00;0;0;0;0;0;0;0;0;0;0;0;0;0;0;0;0;0;0;0;0;0;0;0;0;0;0
length_of_encounter_seconds='682';0;0;0;0;0;0;0;0,00;0;0;0;0;0;0;0;0;0;0;0;0;0;0;0;0;0;0;0;0;0
length_of_encounter_seconds='1215';0;0,00;0;0;0;0;0;0;0;0;0;0;0,00;0;0;0,00;0;0;0;0;0;0;0;0;0;0;0;0;0
length_of_encounter_seconds='424';0;0,00;0;0;0;0;0;0;0;0;0;0;0;0;0;0;0;0;0;0;0;0;0;0;0;0;0;0;0
length_of_encounter_seconds='2.51';0;0,00;0;0;0;0;0;0;0;0;0;0;0;0;0;0;0;0;0;0;0;0;0;0;0;0;0;0;0
length_of_encounter_seconds='1155';0;0;0,00;0,00;0;0;0;0;0;0;0;0;0;0;0;0;0;0;0;0;0;0;0;0;0;0;0;0;0
length_of_encounter_seconds='191';0;0;0;0;0;0;0,00;0;0;0;0;0;0;0;0;0;0;0;0;0;0;0;0;0;0;0;0;0;0
length_of_encounter_seconds='335';0;0;0;0;0;0;0;0;0;0;0;0;0,00;0;0;0;0;0;0;0;0;0;0;0;0;0;0;0;0
length_of_encounter_seconds='3360';0;0,00;0,00;0,00;0;0;0;0;0;0;0;0;0,00;0;0;0;0;0;0;0;0;0;0;0;0;0;0;0;0
length_of_encounter_seconds='152';0;0,00;0;0,00;0;0;0;0;0;0;0;0;0;0;0;0;0;0;0;0;0;0;0;0;0;0;0;0;0
length_of_encounter_seconds='56000';0;0;0,00;0;0;0;0;0;0;0;0;0;0;0;0;0;0;0;0;0;0;0;0;0;0;0;0;0;0
length_of_encounter_seconds='615';0;0;0,00;0;0;0;0;0;0;0;0;0;0;0,00;0;0;0;0;0;0;0;0;0;0;0;0;0;0;0
length_of_encounter_seconds='2187';0;0;0;0;0;0;0;0;0;0;0;0;0;0;0;0,00;0;0;0;0;0;0;0;0;0;0;0;0;0
length_of_encounter_seconds='155';0;0;0;0;0;0;0;0;0;0;0;0;0,00;0;0;0;0;0;0;0;0;0;0;0;0;0;0;0;0
length_of_encounter_seconds='30300';0;0;0;0;0;0;0;0;0,00;0;0;0;0;0;0;0;0;0;0;0;0;0;0;0;0;0;0;0;0
length_of_encounter_seconds='1085';0;0;0;0;0;0;0;0;0;0;0;0;0,00;0;0;0;0;0;0;0;0;0;0;0;0;0;0;0;0
length_of_encounter_seconds='345600';0,00;0,00;0,00;0,00;0;0;0,00;0,00;0,00;0;0;0;0,00;0;0;0;0;0;0;0;0;0;0;0;0;0;0;0;0
length_of_encounter_seconds='1810';0;0;0;0;0;0;0;0,00;0;0;0;0;0;0;0;0;0;0;0;0;0;0;0;0;0;0;0;0;0
length_of_encounter_seconds='8100';0;0;0;0,00;0;0;0,00;0;0,00;0;0;0;0;0;0;0,00;0;0;0;0,00;0;0;0;0;0;0;0;0;0
length_of_encounter_seconds='0.3';0;0;0;0;0;0,00;0,00;0;0;0;0,00;0,00;0;0;0;0;0;0;0,00;0;0;0;0;0;0;0;0;0;0
length_of_encounter_seconds='163';0;0;0;0;0;0;0;0;0,00;0;0;0;0;0;0;0;0;0;0;0;0;0;0;0;0;0;0;0;0
length_of_encounter_seconds='610';0;0;0;0;0;0;0;0;0;0;0;0;0;0,00;0;0;0;0;0;0;0;0;0;0;0;0;0;0;0
length_of_encounter_seconds='42';0;0;0;0,00;0;0;0,00;0;0;0;0;0;0;0;0;0;0;0;0;0;0;0;0;0;0;0;0;0;0
length_of_encounter_seconds='2102400';0;0;0;0;0;0;0;0,00;0,00;0;0;0;0;0;0;0;0;0;0;0;0;0;0;0;0;0;0;0;0
length_of_encounter_seconds='145800';0;0;0;0;0;0,00;0;0;0;0;0;0;0;0;0;0;0;0;0;0;0;0;0;0;0;0;0;0;0
length_of_encounter_seconds='54000';0;0,00;0;0,00;0;0;0,00;0,00;0;0;0;0;0;0;0;0;0;0;0;0;0;0;0;0;0;0;0;0;0
length_of_encounter_seconds='1010';0;0;0,00;0;0;0;0;0;0;0;0;0;0;0;0;0;0;0;0;0;0;0;0;0;0;0;0;0;0
length_of_encounter_seconds='1015';0;0;0;0;0;0,00;0;0;0;0;0;0;0;0;0;0;0;0;0;0;0;0;0;0;0;0;0;0;0
length_of_encounter_seconds='1233';0;0,00;0;0;0;0;0;0;0;0;0;0;0;0;0;0;0;0;0;0;0;0;0;0;0;0;0;0;0
length_of_encounter_seconds='1814400';0;0,00;0;0;0;0;0,00;0;0,00;0,00;0;0;0,00;0;0;0;0;0;0;0;0;0;0;0;0;0;0;0;0
length_of_encounter_seconds='835';0;0;0;0;0;0;0;0;0;0,00;0;0;0;0;0;0;0;0;0;0;0;0;0;0;0;0;0;0;0
length_of_encounter_seconds='978';0;0;0;0;0;0,00;0;0;0;0;0;0;0;0;0;0;0;0;0;0;0;0;0;0;0;0;0;0;0
length_of_encounter_seconds='1125';0;0;0;0;0;0;0;0;0;0;0;0;0;0;0;0;0,00;0;0;0;0;0;0;0;0;0;0;0;0
length_of_encounter_seconds='1740';0,00;0,00;0;0;0,00;0;0;0;0;0;0;0;0,00;0;0;0;0;0;0;0;0;0;0;0;0;0;0;0;0
length_of_encounter_seconds='1360';0;0;0;0,00;0;0;0;0;0;0;0;0;0;0;0;0;0;0;0;0;0;0;0;0;0;0;0;0;0
length_of_encounter_seconds='1845';0;0;0;0;0;0;0,00;0;0;0,00;0;0;0;0;0;0;0;0;0;0;0;0;0;0;0;0;0;0;0
length_of_encounter_seconds='599';0;0;0,00;0;0;0;0;0;0;0;0;0;0;0;0;0;0;0;0;0;0;0;0;0;0;0;0;0;0
length_of_encounter_seconds='1410';0;0,00;0,00;0,00;0;0,00;0;0;0;0;0;0;0;0;0;0;0;0;0;0;0;0;0;0;0;0;0;0;0
length_of_encounter_seconds='6120000';0;0;0;0;0;0,00;0;0;0;0;0;0;0;0;0;0;0;0;0;0;0;0;0;0;0;0;0;0;0
length_of_encounter_seconds='1090';0;0,00;0;0;0;0,00;0;0;0;0;0;0;0;0;0;0;0;0;0;0;0;0;0;0;0;0;0;0;0
length_of_encounter_seconds='0.01';0;0,00;0;0,00;0;0,00;0,00;0;0;0;0;0;0,00;0;0;0;0;0;0;0;0;0;0;0;0;0;0;0;0
length_of_encounter_seconds='800';0;0;0;0;0;0;0;0;0;0;0;0;0;0;0;0;0;0;0,00;0;0;0;0;0;0;0;0;0;0
length_of_encounter_seconds='180.39';0;0;0;0;0;0;0;0;0;0;0;0;0,00;0;0;0;0;0;0;0;0;0;0;0;0;0;0;0;0
length_of_encounter_seconds='262';0;0;0,00;0;0;0;0;0;0;0;0;0;0;0;0;0;0;0;0;0;0;0;0;0;0;0;0;0;0
length_of_encounter_seconds='810';0;0;0;0;0;0,00;0;0;0;0;0;0;0;0;0;0;0;0;0;0;0;0;0;0;0;0;0;0;0
length_of_encounter_seconds='1248';0;0;0;0;0;0;0;0;0;0;0;0;0;0;0;0;0;0,00;0;0;0;0;0;0;0;0;0;0;0
length_of_encounter_seconds='3240';0;0,00;0;0;0;0;0;0;0;0;0;0;0;0;0;0;0;0;0;0;0;0;0;0;0;0;0;0;0
length_of_encounter_seconds='200';0;0;0,00;0;0;0;0;0;0;0;0;0;0;0;0;0,00;0;0;0;0;0;0,00;0;0;0;0;0;0;0
length_of_encounter_seconds='1705';0;0;0;0;0;0;0;0;0;0;0;0;0;0;0;0,00;0;0;0;0;0;0;0;0;0;0;0;0;0
length_of_encounter_seconds='1133';0;0;0;0;0;0,00;0;0;0;0;0;0;0;0;0;0;0;0;0;0;0;0;0;0;0;0;0;0;0
length_of_encounter_seconds='110';0,00;0,00;0,00;0;0;0;0;0;0;0;0;0;0;0;0;0;0;0;0;0;0;0;0;0;0;0;0;0;0
length_of_encounter_seconds='400';0;0;0;0;0;0;0,00;0;0;0,00;0;0;0;0;0;0;0;0;0;0;0;0;0;0;0;0;0;0;0
length_of_encounter_seconds='1236';0;0;0;0;0;0,00;0;0;0;0;0;0;0;0;0;0;0;0;0;0;0;0;0;0;0;0;0;0;0
length_of_encounter_seconds='11400';0;0;0;0;0;0;0,00;0;0;0;0;0;0;0;0;0;0;0;0;0;0;0;0;0;0;0;0;0;0
length_of_encounter_seconds='698';0;0,00;0;0;0;0;0;0;0;0;0;0;0;0;0;0;0;0;0;0;0;0;0;0;0;0;0;0;0
length_of_encounter_seconds='3900';0,00;0;0,00;0,00;0;0,00;0;0,00;0;0;0;0;0;0;0;0;0;0;0;0;0;0;0;0;0;0;0;0;0
length_of_encounter_seconds='145';0;0;0,00;0;0,00;0;0;0;0;0,00;0;0;0;0;0;0;0;0;0;0;0;0;0;0;0;0;0;0;0
length_of_encounter_seconds='122';0;0;0;0;0;0;0,00;0;0;0;0;0;0;0;0;0;0;0;0;0;0;0;0;0;0;0;0;0;0
length_of_encounter_seconds='4560';0;0;0;0;0;0;0;0;0;0;0;0;0;0;0;0,00;0;0;0;0;0;0;0;0;0;0;0;0;0
length_of_encounter_seconds='250';0;0,00;0;0;0;0;0;0;0;0;0;0;0;0;0;0;0;0;0;0;0;0;0;0;0;0;0;0;0
length_of_encounter_seconds='1227';0;0;0;0;0;0;0;0;0;0;0;0;0;0;0;0;0;0;0;0,00;0;0;0;0;0;0;0;0;0
length_of_encounter_seconds='1398';0;0,00;0;0;0;0;0;0;0;0;0;0;0;0;0;0;0;0;0;0;0;0;0;0;0;0;0;0;0
length_of_encounter_seconds='71';0;0,00;0;0;0;0;0;0;0;0;0;0;0;0;0;0;0;0;0;0;0;0;0;0;0;0;0;0;0
length_of_encounter_seconds='603';0;0;0;0;0;0,00;0;0;0;0;0;0;0;0;0;0;0;0;0;0;0;0;0;0;0;0;0;0;0
length_of_encounter_seconds='3700';0;0,00;0;0;0;0;0;0;0;0;0;0;0;0;0;0;0;0;0;0;0;0;0;0;0;0;0;0;0
length_of_encounter_seconds='5.5';0;0;0;0,00;0;0;0;0;0,00;0;0;0;0;0;0;0;0;0;0;0;0;0;0;0;0;0;0;0;0
length_of_encounter_seconds='4860';0;0;0;0;0;0;0;0;0;0;0;0;0,00;0;0;0;0;0;0;0;0;0;0;0;0;0;0;0;0
length_of_encounter_seconds='56';0;0;0;0;0,00;0;0;0,00;0;0;0;0;0;0;0;0;0;0;0;0;0;0;0;0;0;0;0;0;0
length_of_encounter_seconds='37';0;0;0;0,00;0;0;0;0;0,00;0;0;0;0;0,00;0;0;0;0;0;0;0;0;0;0;0;0;0;0;0
length_of_encounter_seconds='5100';0;0,00;0;0;0;0;0,00;0;0;0;0;0;0;0;0;0;0;0;0;0;0;0;0;0;0;0;0;0;0
length_of_encounter_seconds='345.5';0;0;0;0;0;0;0;0;0;0;0;0;0,00;0;0;0;0;0;0;0;0;0;0;0;0;0;0;0;0
length_of_encounter_seconds='1180';0;0,00;0;0;0;0;0;0;0;0;0;0;0;0;0;0;0;0;0;0;0;0;0;0;0;0;0;0;0
length_of_encounter_seconds='1184';0;0;0;0;0;0;0;0;0;0;0,00;0;0,00;0;0;0;0;0;0;0;0;0;0;0;0;0;0;0;0
length_of_encounter_seconds='3060';0;0,00;0;0;0;0;0;0;0;0,00;0;0;0;0;0;0;0;0;0;0;0;0;0;0;0;0;0;0;0
length_of_encounter_seconds='42000';0;0;0;0;0;0;0;0;0;0;0;0;0;0;0;0;0;0;0;0;0,00;0;0;0;0;0;0;0;0
length_of_encounter_seconds='995';0;0;0;0;0;0;0;0;0;0;0;0;0;0;0;0,00;0;0;0;0;0;0;0;0;0;0;0;0;0
length_of_encounter_seconds='1049';0;0,00;0;0;0;0;0;0;0;0;0;0;0;0;0;0;0;0;0;0;0;0;0;0;0;0;0;0;0
length_of_encounter_seconds='1185';0;0,00;0,00;0;0;0;0;0;0;0;0;0;0;0;0;0;0;0;0;0;0;0;0;0;0;0;0;0;0
length_of_encounter_seconds='108000';0;0;0;0;0;0;0,00;0;0;0;0;0;0;0;0;0;0;0;0;0;0;0;0;0;0;0;0;0;0
length_of_encounter_seconds='300.13';0;0;0;0;0;0;0;0;0;0;0;0;0;0,00;0;0;0;0;0;0;0;0;0;0;0;0;0;0;0
length_of_encounter_seconds='64800';0;0;0;0;0;0;0,00;0,00;0;0;0;0;0;0;0;0;0;0;0;0;0;0;0;0;0;0;0;0;0
length_of_encounter_seconds='299';0;0;0;0;0;0;0;0;0;0;0;0;0;0;0;0,00;0;0;0;0;0;0;0;0;0;0;0;0;0
length_of_encounter_seconds='33';0;0,00;0;0;0,00;0;0;0;0;0;0;0;0;0;0;0;0;0;0,00;0;0;0;0;0;0;0;0;0;0
length_of_encounter_seconds='5263200';0;0;0;0;0;0;0;0;0,00;0;0;0;0;0;0;0;0;0;0;0;0;0;0;0;0;0;0;0;0
length_of_encounter_seconds='634';0;0,00;0;0;0;0;0;0;0;0;0;0;0;0;0;0;0;0;0;0;0;0;0;0;0;0;0;0;0
length_of_encounter_seconds='1265';0;0;0;0;0;0;0;0;0;0;0,00;0;0;0;0;0;0;0;0;0;0;0;0;0;0;0;0;0;0
length_of_encounter_seconds='7894800';0;0;0,00;0;0;0;0;0;0;0;0;0;0;0;0;0;0;0;0;0;0;0;0;0;0;0;0;0;0
length_of_encounter_seconds='60600';0;0;0;0,00;0;0;0;0;0;0;0;0;0;0;0;0;0;0;0;0;0;0;0;0;0;0;0;0;0
length_of_encounter_seconds='50400';0;0;0;0;0;0;0;0;0;0,00;0;0;0;0;0;0,00;0;0,00;0;0;0;0;0;0;0;0;0;0;0
length_of_encounter_seconds='555';0;0;0;0;0;0,00;0;0;0;0;0;0;0;0;0;0;0;0;0;0;0;0;0;0;0;0;0;0;0
length_of_encounter_seconds='212';0;0;0;0;0;0;0;0;0;0;0;0;0;0;0;0;0;0,00;0;0;0;0;0;0;0;0;0;0;0
length_of_encounter_seconds='994';0;0;0;0;0;0;0;0;0,00;0;0;0;0;0;0;0;0;0;0;0;0;0;0;0;0;0;0;0;0
length_of_encounter_seconds='83';0;0;0;0;0;0;0;0;0;0;0;0;0,00;0;0;0;0;0;0;0;0;0;0;0;0;0;0;0;0
length_of_encounter_seconds='4260';0;0;0;0;0,00;0;0;0;0;0;0;0;0;0;0;0;0;0;0;0;0;0;0;0;0;0;0;0;0
length_of_encounter_seconds='1080000';0;0;0,00;0;0;0;0;0;0;0;0;0;0;0;0;0;0;0;0;0;0;0;0;0;0;0;0;0;0
length_of_encounter_seconds='87';0;0,00;0;0,00;0;0;0,00;0;0;0;0;0;0,00;0;0;0;0;0;0;0;0;0;0;0;0;0;0;0;0
length_of_encounter_seconds='106';0;0,00;0;0;0;0;0;0;0;0;0;0;0;0;0;0;0;0;0;0;0;0;0;0;0;0;0;0;0
length_of_encounter_seconds='120.3';0;0,00;0;0;0;0;0;0;0;0;0;0;0;0;0;0;0;0;0;0;0;0;0;0;0;0;0;0;0
length_of_encounter_seconds='8280';0;0;0;0;0;0;0;0;0,00;0;0;0;0;0;0;0;0;0;0;0;0;0;0;0;0;0;0;0;0
length_of_encounter_seconds='550';0;0;0;0;0;0;0;0,00;0;0;0;0;0;0;0;0;0;0;0;0;0;0;0;0;0;0;0;0;0
length_of_encounter_seconds='0.33';0;0;0;0;0,00;0;0;0;0;0;0;0;0;0;0;0;0;0;0;0;0;0;0;0;0;0;0;0;0
length_of_encounter_seconds='980';0;0;0;0;0;0;0;0,00;0;0;0;0;0;0;0;0;0;0;0;0;0;0;0;0;0;0;0;0;0
length_of_encounter_seconds='1081';0;0;0;0;0;0;0,00;0;0;0;0;0;0;0;0;0;0;0;0;0;0;0;0;0;0;0;0;0;0
length_of_encounter_seconds='1186';0;0,00;0;0;0;0;0;0;0;0;0;0;0;0;0;0;0;0;0;0;0;0;0;0;0;0;0;0;0
length_of_encounter_seconds='1050';0;0;0;0;0,00;0;0;0;0;0;0;0;0;0;0;0,00;0;0;0;0;0;0;0;0;0;0;0;0;0
length_of_encounter_seconds='60.14';0;0,00;0;0;0;0;0;0;0;0;0;0;0;0;0;0;0;0;0;0;0;0;0;0;0;0;0;0;0
length_of_encounter_seconds='11700';0;0;0;0,00;0,00;0;0;0;0;0;0;0;0;0;0;0;0;0;0;0;0;0;0;0;0;0;0;0;0
length_of_encounter_seconds='60.4';0;0;0;0;0,00;0;0;0;0;0;0;0;0;0;0;0;0;0;0;0;0;0;0;0;0;0;0;0;0
length_of_encounter_seconds='199';0;0;0;0;0,00;0;0;0;0;0;0;0;0;0;0;0;0;0;0;0;0;0;0;0;0;0;0;0;0
length_of_encounter_seconds='1281';0;0;0;0;0;0;0;0;0;0;0;0;0;0;0;0;0;0;0;0,00;0;0;0;0;0;0;0;0;0
length_of_encounter_seconds='1420';0;0;0,00;0;0;0;0;0;0;0;0;0;0;0;0;0;0;0;0;0;0;0;0;0;0;0;0;0;0
length_of_encounter_seconds='120.15';0;0;0;0,00;0;0;0;0;0;0;0;0;0;0;0;0;0;0;0;0;0;0;0;0;0;0;0;0;0
length_of_encounter_seconds='1203';0;0,00;0;0;0;0;0;0;0;0;0;0,00;0;0;0;0;0;0;0;0;0;0;0;0;0;0;0;0;0
length_of_encounter_seconds='658';0;0;0;0;0;0;0,00;0;0;0;0;0;0;0;0;0;0;0;0;0;0;0;0;0;0;0;0;0;0
length_of_encounter_seconds='1384';0;0;0;0;0;0;0;0;0;0;0;0;0;0;0;0;0;0;0;0,00;0;0;0;0;0;0;0;0;0
length_of_encounter_seconds='75.6';0;0;0,00;0;0;0;0;0;0;0;0;0;0;0;0;0;0;0;0;0;0;0;0;0;0;0;0;0;0
length_of_encounter_seconds='1290';0;0,00;0,00;0;0;0;0;0;0;0;0;0;0;0;0;0;0;0;0;0;0;0;0;0;0;0;0;0;0
length_of_encounter_seconds='5520';0;0;0;0;0;0;0;0,00;0;0;0;0;0;0;0;0;0;0;0;0;0;0;0;0;0;0;0;0;0
length_of_encounter_seconds='2280';0,00;0;0;0;0,00;0;0;0;0,00;0;0;0;0;0;0;0;0;0,00;0;0;0;0;0;0;0;0;0;0;0
length_of_encounter_seconds='82';0;0;0;0;0,00;0;0;0;0;0;0;0;0;0;0;0;0;0;0;0;0;0;0;0;0;0;0;0;0
length_of_encounter_seconds='605';0;0,00;0;0;0;0;0;0;0;0;0;0;0;0;0;0;0;0;0;0;0;0,00;0;0;0;0;0;0;0
length_of_encounter_seconds='771';0,00;0;0;0;0;0;0;0;0;0;0;0;0;0;0;0;0;0;0;0;0;0;0;0;0;0;0;0;0
length_of_encounter_seconds='3480';0;0;0;0;0;0;0;0;0;0;0;0;0,00;0;0;0;0;0;0;0;0;0;0;0;0;0;0;0;0
length_of_encounter_seconds='990';0;0;0;0;0;0;0;0;0;0;0,00;0;0;0;0;0;0;0;0;0;0;0;0;0;0;0;0;0;0
length_of_encounter_seconds='1395';0;0,00;0;0;0;0;0,00;0;0;0;0;0;0,00;0;0;0;0;0;0;0;0;0;0;0;0;0;0;0;0
length_of_encounter_seconds='21.45';0;0,00;0;0;0;0;0;0;0;0;0;0;0;0;0;0;0;0;0;0;0;0;0;0;0;0;0;0;0
length_of_encounter_seconds='725';0;0;0,00;0;0;0;0;0;0;0;0;0;0;0;0;0;0;0;0;0;0;0;0;0;0;0;0;0;0
length_of_encounter_seconds='1170';0,00;0,00;0;0;0;0;0;0;0;0;0;0;0;0;0;0,00;0;0;0;0;0;0;0;0;0;0;0;0;0
length_of_encounter_seconds='3.4';0;0;0;0;0;0;0;0;0,00;0;0;0;0;0;0;0;0;0;0;0;0;0;0;0;0;0;0;0;0
length_of_encounter_seconds='3120';0;0;0;0;0;0;0;0;0;0;0;0;0;0,00;0;0;0;0;0,00;0;0;0;0;0;0;0;0;0;0
length_of_encounter_seconds='170';0;0;0;0;0;0;0;0;0;0;0;0;0;0;0;0;0;0;0;0,00;0;0;0;0;0;0;0;0;0
length_of_encounter_seconds='6.5';0;0,00;0;0;0;0;0;0;0;0;0;0;0;0;0;0;0;0;0;0;0;0;0;0;0;0;0;0;0
length_of_encounter_seconds='60.1';0;0,00;0;0;0;0;0;0;0;0;0;0;0;0;0;0;0;0;0;0;0;0;0;0;0;0;0;0;0
length_of_encounter_seconds='60.42';0;0,00;0;0;0;0;0;0;0;0;0;0;0;0;0;0;0;0;0;0;0;0;0;0;0;0;0;0;0
length_of_encounter_seconds='669';0,00;0;0;0;0;0;0;0;0;0;0;0;0;0;0;0;0;0;0;0;0;0;0;0;0;0;0;0;0
length_of_encounter_seconds='688';0;0;0;0;0;0;0;0;0;0;0;0;0;0;0;0;0,00;0;0;0;0;0;0;0;0;0;0;0;0
length_of_encounter_seconds='46';0;0;0;0;0;0;0;0;0;0;0;0;0;0;0;0;0;0;0;0,00;0;0;0;0;0;0;0;0;0
length_of_encounter_seconds='695';0;0;0;0;0;0;0;0;0;0;0;0;0,00;0;0;0;0;0;0;0;0;0;0;0;0;0;0;0;0
length_of_encounter_seconds='721';0;0;0;0;0;0;0,00;0;0;0;0;0;0;0;0;0;0;0;0;0;0;0;0;0;0;0;0;0;0
length_of_encounter_seconds='64';0;0;0;0;0,00;0;0;0,00;0;0;0;0;0;0;0;0;0;0;0;0;0;0;0;0;0;0;0;0;0
length_of_encounter_seconds='425';0;0;0;0;0,00;0;0;0;0;0;0;0;0;0;0;0;0;0;0;0;0;0;0;0;0;0;0;0;0
length_of_encounter_seconds='1416';0;0;0;0;0;0;0;0;0;0;0;0;0;0;0;0;0;0;0;0,00;0;0;0;0;0;0;0;0;0
length_of_encounter_seconds='1196';0;0;0,00;0;0;0;0;0;0;0;0;0;0;0;0;0;0;0;0;0;0;0;0;0;0;0;0;0;0
length_of_encounter_seconds='1391';0;0,00;0;0;0;0;0;0;0;0;0;0;0;0;0;0;0;0;0;0;0;0;0;0;0;0;0;0;0
length_of_encounter_seconds='162000';0;0;0;0;0;0;0;0;0,00;0;0;0;0;0;0;0;0;0;0;0;0;0;0;0;0;0;0;0;0
length_of_encounter_seconds='6660';0;0,00;0;0;0;0;0;0;0;0;0;0;0;0;0;0,00;0;0;0;0;0;0;0;0;0;0;0;0;0
length_of_encounter_seconds='8580';0;0,00;0;0;0;0;0;0;0;0;0;0;0;0;0;0;0;0;0;0;0;0;0;0;0;0;0;0;0
length_of_encounter_seconds='74';0,00;0;0;0;0;0;0;0;0;0;0;0;0,00;0;0;0;0;0;0;0;0;0;0;0;0;0;0;0;0
length_of_encounter_seconds='3180';0;0,00;0;0;0;0;0;0;0;0;0;0;0;0;0;0;0;0;0;0;0;0;0;0;0;0;0;0;0
length_of_encounter_seconds='60.6';0;0;0;0;0;0;0;0;0;0;0;0;0;0,00;0;0;0;0;0;0;0;0;0;0;0;0;0;0;0
length_of_encounter_seconds='492';0;0;0;0;0;0;0;0,00;0;0;0;0;0;0,00;0;0;0;0;0;0;0;0;0;0;0;0;0;0;0
length_of_encounter_seconds='4.5';0;0,00;0;0;0;0;0;0;0;0;0;0;0;0;0;0;0;0;0;0;0;0;0;0;0;0;0;0;0
length_of_encounter_seconds='265';0;0;0;0;0;0;0;0;0;0;0;0;0;0;0;0;0;0;0;0;0,00;0;0;0;0;0;0;0;0
length_of_encounter_seconds='28';0,00;0;0;0;0;0,00;0,00;0;0,00;0;0;0;0;0;0;0;0;0;0;0;0;0;0;0;0;0;0;0;0
length_of_encounter_seconds='6900';0;0,00;0;0,00;0;0;0;0;0,00;0;0;0;0;0;0;0;0;0;0;0;0;0;0;0;0;0;0;0;0
length_of_encounter_seconds='108';0;0;0;0;0;0;0;0;0;0;0,00;0;0;0;0;0;0;0;0;0;0;0;0;0;0;0;0;0;0
length_of_encounter_seconds='1408';0;0;0;0;0;0,00;0;0;0;0;0;0;0;0;0;0;0;0;0;0;0;0;0;0;0;0;0;0;0
length_of_encounter_seconds='2496';0;0;0;0,00;0;0;0;0;0;0;0;0;0;0;0;0;0;0;0;0;0;0;0;0;0;0;0;0;0
length_of_encounter_seconds='1340';0;0;0;0;0;0;0;0;0,00;0;0;0;0;0;0;0;0;0;0;0,00;0;0;0;0;0;0;0;0;0
length_of_encounter_seconds='989';0;0;0;0;0,00;0;0;0;0;0;0;0;0;0;0;0;0;0;0;0;0;0;0;0;0;0;0;0;0
length_of_encounter_seconds='68';0;0;0;0;0,00;0;0;0;0;0;0;0;0;0;0;0;0;0;0;0;0;0;0;0;0;0;0;0;0
length_of_encounter_seconds='95';0;0,00;0,00;0;0,00;0;0;0;0;0;0;0;0;0;0;0,00;0;0;0;0;0;0;0;0;0;0;0;0;0
length_of_encounter_seconds='60.2';0;0;0;0;0;0;0,00;0;0;0;0;0;0;0;0;0;0;0;0;0;0;0;0;0;0;0;0;0;0
length_of_encounter_seconds='0.45';0;0;0;0;0;0;0;0;0,00;0;0;0,00;0;0;0;0;0;0;0;0;0;0;0;0;0;0;0;0;0
length_of_encounter_seconds='390';0;0,00;0;0;0;0;0;0;0;0;0;0;0;0;0;0;0;0;0;0;0;0;0;0;0;0;0;0;0
length_of_encounter_seconds='121';0;0;0;0;0;0;0;0;0,00;0;0;0;0;0;0;0;0;0;0;0;0;0;0;0;0;0;0;0;0
length_of_encounter_seconds='1401';0;0;0;0;0;0,00;0;0;0;0;0;0;0;0;0;0;0;0;0;0;0;0;0;0;0;0;0;0;0
length_of_encounter_seconds='1266';0;0;0;0;0;0;0;0;0;0;0;0;0;0;0;0;0;0;0,00;0;0;0;0;0;0;0;0;0;0
length_of_encounter_seconds='1269';0;0;0;0;0;0,00;0;0;0;0;0;0;0;0;0;0;0;0;0;0;0;0;0;0;0;0;0;0;0
length_of_encounter_seconds='3630';0;0,00;0;0;0;0;0;0;0;0;0;0;0;0;0;0;0;0;0;0;0;0;0;0;0;0;0;0;0
length_of_encounter_seconds='25248000';0;0;0;0;0;0;0;0;0;0;0;0;0;0;0;0;0;0;0;0;0,00;0;0;0;0;0;0;0;0
length_of_encounter_seconds='2530';0;0;0;0;0;0;0;0,00;0;0;0;0;0;0;0;0;0;0;0;0;0;0;0;0;0;0;0;0;0
length_of_encounter_seconds='3720';0;0;0;0;0;0;0;0;0;0;0;0;0,00;0;0;0;0;0;0;0;0;0;0;0;0;0;0;0;0
length_of_encounter_seconds='1815';0;0,00;0;0;0;0;0;0;0;0;0;0;0;0;0;0;0;0;0;0;0;0;0;0;0;0;0;0;0
length_of_encounter_seconds='500';0;0;0;0;0;0;0;0;0;0;0;0;0;0;0;0;0;0;0;0,00;0;0;0;0;0;0;0;0;0
length_of_encounter_seconds='82800000';0;0;0;0;0;0;0;0;0,00;0;0;0;0;0;0;0;0;0;0;0;0;0;0;0;0;0;0;0;0
length_of_encounter_seconds='103';0;0;0;0;0;0,00;0;0;0;0;0;0;0;0;0;0;0;0;0;0;0;0;0;0;0;0;0;0;0
length_of_encounter_seconds='1438';0;0;0;0,00;0;0;0;0;0;0;0;0;0;0;0;0;0;0;0;0;0;0;0;0;0;0;0;0;0
length_of_encounter_seconds='1330';0;0;0;0;0;0;0;0,00;0;0;0;0;0,00;0;0;0;0;0;0;0;0;0;0;0;0;0;0;0;0
length_of_encounter_seconds='1244';0;0;0;0;0,00;0;0;0;0;0;0;0;0;0;0;0;0;0;0;0;0;0;0;0;0;0;0;0;0
length_of_encounter_seconds='195';0;0,00;0;0;0;0;0;0;0;0;0;0;0;0;0;0;0;0;0,00;0;0;0;0;0;0;0;0;0;0
length_of_encounter_seconds='705';0;0,00;0;0,00;0;0;0;0;0;0;0;0;0;0;0;0;0;0;0;0;0;0;0;0;0;0;0;0;0
length_of_encounter_seconds='9468000';0;0;0;0,00;0;0;0;0;0;0;0;0;0;0;0;0;0;0;0;0;0;0;0;0;0;0;0;0;0
length_of_encounter_seconds='1250';0;0;0,00;0;0;0;0;0;0;0;0;0;0;0;0;0;0;0;0;0;0;0;0;0;0;0;0;0;0
length_of_encounter_seconds='60.5';0;0,00;0;0;0;0;0;0;0;0;0;0;0;0;0;0;0;0;0;0;0;0;0;0;0;0;0;0;0
length_of_encounter_seconds='1309';0;0;0;0;0;0;0;0;0,00;0;0;0;0;0;0;0;0;0;0;0;0;0;0;0;0;0;0;0;0
length_of_encounter_seconds='1100';0;0;0;0;0;0;0;0;0,00;0;0;0;0;0;0;0;0;0;0;0;0;0;0;0;0;0;0;0;0
length_of_encounter_seconds='7440';0;0;0;0;0;0;0;0;0,00;0;0;0;0;0;0;0;0;0;0;0;0;0;0;0;0;0;0;0;0
length_of_encounter_seconds='10500';0;0;0,00;0;0;0;0;0;0;0;0;0;0;0;0;0;0;0;0;0;0;0;0;0;0;0;0;0;0
length_of_encounter_seconds='99';0;0;0;0;0;0;0;0,00;0;0;0;0;0;0;0;0;0;0;0;0;0;0;0;0;0;0;0;0;0
length_of_encounter_seconds='639';0;0;0;0;0,00;0;0;0;0;0;0;0;0;0;0;0;0;0;0;0;0;0;0;0;0;0;0;0;0
length_of_encounter_seconds='49';0;0;0;0;0;0;0;0;0;0;0;0;0;0;0;0,00;0;0;0;0;0;0;0;0;0;0;0;0;0
length_of_encounter_seconds='1365';0;0;0,00;0;0;0;0;0;0;0;0;0;0;0;0;0;0;0;0;0;0;0;0;0;0;0;0;0;0
length_of_encounter_seconds='46800';0;0;0;0,00;0;0;0;0;0;0;0;0;0;0;0;0;0;0;0;0;0;0;0;0;0;0;0;0;0
length_of_encounter_seconds='57600';0;0;0;0;0;0;0,00;0;0;0;0;0;0;0;0;0;0;0;0;0;0;0;0;0;0;0;0;0;0
length_of_encounter_seconds='278';0;0;0,00;0;0;0;0;0;0;0;0;0;0;0;0;0;0;0;0;0;0;0;0;0;0;0;0;0;0
length_of_encounter_seconds='479';0;0;0,00;0;0;0;0;0;0;0;0;0;0;0;0;0;0;0;0;0;0;0;0;0;0;0;0;0;0
length_of_encounter_seconds='399';0;0;0;0;0;0;0;0;0;0;0;0;0;0;0;0,00;0;0;0;0;0;0;0;0;0;0;0;0;0
length_of_encounter_seconds='1345';0;0;0;0;0;0;0;0,00;0;0;0;0;0;0;0;0;0;0;0;0;0;0;0;0;0;0;0;0;0
length_of_encounter_seconds='1383';0;0;0;0;0;0,00;0;0;0;0;0;0;0;0;0;0;0;0;0;0;0;0;0;0;0;0;0;0;0
length_of_encounter_seconds='125';0;0;0,00;0;0;0;0;0;0;0;0;0;0;0;0;0;0;0;0;0;0;0;0;0;0;0;0;0;0
length_of_encounter_seconds='160';0;0;0,00;0;0;0;0;0;0;0;0;0;0;0;0;0;0;0;0;0;0;0;0;0;0;0;0;0;0
length_of_encounter_seconds='18300';0;0;0;0;0;0,00;0;0;0;0;0;0;0;0;0;0;0;0;0;0;0;0;0;0;0;0;0;0;0
length_of_encounter_seconds='304';0;0;0;0;0;0,00;0;0;0;0;0;0;0;0;0;0;0;0;0;0;0;0;0;0;0;0;0;0;0
length_of_encounter_seconds='25800';0;0;0;0;0;0;0,00;0;0;0;0;0;0;0;0;0;0;0;0;0;0;0;0;0;0;0;0;0;0
length_of_encounter_seconds='1310';0;0;0;0;0,00;0;0;0;0;0;0;0;0;0;0;0;0;0;0;0;0;0;0;0;0;0;0;0;0
length_of_encounter_seconds='115';0;0;0,00;0;0;0;0;0;0;0;0;0;0,00;0;0;0;0;0;0;0;0;0;0;0;0;0;0;0;0
length_of_encounter_seconds='1275';0;0;0;0;0;0,00;0;0;0;0;0;0;0;0;0;0;0;0;0;0;0;0;0;0;0;0;0;0;0
length_of_encounter_seconds='282';0;0;0;0;0;0;0;0;0;0;0;0;0;0;0;0;0;0,00;0;0;0;0;0;0;0;0;0;0;0
length_of_encounter_seconds='39600';0;0;0;0;0;0;0;0,00;0;0;0;0;0;0;0;0;0;0;0;0;0;0;0;0;0;0;0;0;0
length_of_encounter_seconds='0.38';0;0;0;0;0;0;0;0;0,00;0;0;0;0;0;0;0;0;0;0;0;0;0;0;0;0;0;0;0;0
length_of_encounter_seconds='276';0;0;0;0;0,00;0;0;0;0;0;0;0;0;0;0;0;0;0;0;0;0;0;0;0;0;0;0;0;0
length_of_encounter_seconds='96';0;0;0,00;0;0;0;0;0;0;0;0;0;0;0;0;0;0;0;0;0;0;0;0;0;0;0;0;0;0
length_of_encounter_seconds='0.5`';0;0;0,00;0;0;0;0;0;0;0;0;0;0;0;0;0;0;0;0;0;0;0;0;0;0;0;0;0;0
length_of_encounter_seconds='181800';0;0,00;0;0;0;0;0;0;0;0;0;0;0;0;0;0;0;0;0;0;0;0;0;0;0;0;0;0;0
length_of_encounter_seconds='227';0;0;0;0;0;0;0;0;0,00;0;0;0;0;0;0;0;0;0;0;0;0;0;0;0;0;0;0;0;0
length_of_encounter_seconds='182';0;0;0;0,00;0;0;0;0;0;0;0;0;0;0;0;0;0;0;0;0;0;0;0;0;0;0;0;0;0
length_of_encounter_seconds='1217';0;0;0,00;0;0;0;0;0;0;0;0;0;0;0;0;0;0;0;0;0;0;0;0;0;0;0;0;0;0
length_of_encounter_seconds='7230';0;0;0;0;0;0;0;0;0;0;0;0;0;0;0;0;0;0,00;0;0;0;0;0;0;0;0;0;0;0
length_of_encounter_seconds='2419200';0;0;0;0;0;0;0;0;0;0;0;0;0;0;0;0;0;0;0,00;0;0;0;0;0;0;0;0;0;0
length_of_encounter_seconds='0.23';0;0;0;0;0;0;0;0;0,00;0;0;0;0;0;0;0;0;0;0;0;0;0;0;0;0;0;0;0;0
length_of_encounter_seconds='496';0;0,00;0;0;0;0;0;0;0;0;0;0;0;0;0;0;0;0;0;0;0;0;0;0;0;0;0;0;0
length_of_encounter_seconds='235';0;0,00;0;0;0;0;0;0;0;0;0;0;0;0;0;0;0;0;0;0;0;0;0;0;0;0;0;0;0
length_of_encounter_seconds='640';0;0;0;0;0,00;0;0,00;0;0;0;0;0;0;0;0;0;0;0;0;0;0;0;0;0;0;0;0;0;0
length_of_encounter_seconds='5280';0;0;0;0;0,00;0;0;0;0;0;0;0;0;0;0;0,00;0;0;0;0;0;0;0;0;0;0;0;0;0
length_of_encounter_seconds='253800';0;0;0;0;0,00;0;0;0;0;0;0;0;0;0;0;0;0;0;0;0;0;0;0;0;0;0;0;0;0
length_of_encounter_seconds='6420';0;0;0;0,00;0;0;0;0;0;0;0;0;0;0;0;0;0;0;0;0;0;0;0;0;0;0;0;0;0
length_of_encounter_seconds='1110';0;0,00;0;0;0;0;0;0;0;0;0;0;0;0;0;0;0;0;0;0;0;0;0;0;0;0;0;0;0
length_of_encounter_seconds='259';0;0,00;0;0;0;0;0;0;0;0;0;0;0;0;0;0;0;0;0;0;0;0;0;0;0;0;0;0;0
length_of_encounter_seconds='2760';0;0,00;0;0;0;0,00;0;0;0;0;0;0;0;0;0;0;0;0;0;0;0;0;0;0;0;0;0;0;0
length_of_encounter_seconds='310';0;0;0;0;0;0;0,00;0;0;0;0;0;0;0;0;0,00;0;0;0;0;0;0;0;0;0;0;0;0;0
length_of_encounter_seconds='8700';0;0;0;0;0;0;0;0;0;0;0,00;0;0;0;0;0;0;0;0;0;0;0,00;0;0;0;0;0;0;0
length_of_encounter_seconds='322';0;0,00;0;0;0;0;0;0;0;0;0;0;0;0;0;0;0;0;0;0;0;0;0;0;0;0;0;0;0
length_of_encounter_seconds='727';0;0;0;0;0;0;0;0,00;0;0;0;0;0;0;0;0;0;0;0;0;0;0;0;0;0;0;0;0;0
length_of_encounter_seconds='1045';0;0;0;0;0;0;0;0;0;0;0;0;0;0,00;0;0;0;0;0;0;0;0;0;0;0;0;0;0;0
length_of_encounter_seconds='58';0;0;0;0;0;0;0,00;0;0;0;0;0;0;0;0;0;0;0;0;0;0;0;0;0;0;0;0;0;0
length_of_encounter_seconds='52623200';0;0,00;0;0;0;0;0;0;0;0;0;0;0;0;0;0;0;0;0;0;0;0;0;0;0;0;0;0;0
length_of_encounter_seconds='1.75';0;0;0;0;0;0;0;0;0;0;0;0;0;0,00;0;0;0;0;0;0;0;0;0;0;0;0;0;0;0
length_of_encounter_seconds='1293';0;0,00;0;0;0;0;0;0;0;0;0;0;0;0;0;0;0;0;0;0;0;0;0;0;0;0;0;0;0
length_of_encounter_seconds='1219';0;0;0;0;0,00;0;0;0;0;0;0;0;0;0;0;0;0;0;0;0;0;0;0;0;0;0;0;0;0
length_of_encounter_seconds='8400';0;0;0;0;0,00;0;0;0;0;0;0;0;0;0;0;0;0;0;0;0;0;0;0;0;0;0;0;0;0
length_of_encounter_seconds='3540';0;0;0;0;0;0;0;0;0,00;0;0;0;0;0;0;0;0;0;0;0;0;0;0;0;0;0;0;0;0
length_of_encounter_seconds='50.5';0;0;0,00;0;0;0;0;0;0;0;0;0;0;0;0;0;0;0;0;0;0;0;0;0;0;0;0;0;0
length_of_encounter_seconds='91';0;0;0;0;0,00;0;0,00;0;0;0;0;0;0;0;0;0;0;0;0;0;0;0;0;0;0;0;0;0;0
length_of_encounter_seconds='777600';0;0;0;0;0;0;0;0,00;0;0;0;0;0;0;0;0;0;0;0;0;0;0;0;0;0;0;0;0;0
length_of_encounter_seconds='97200';0;0;0;0;0;0;0;0;0;0;0;0;0;0;0;0,00;0;0;0;0;0;0;0;0;0;0;0;0;0
length_of_encounter_seconds='750';0;0;0;0;0;0,00;0;0;0;0;0;0;0;0;0;0;0;0;0;0;0;0;0;0;0;0;0;0;0
length_of_encounter_seconds='273';0;0;0,00;0;0;0;0;0;0;0;0;0;0;0;0;0;0;0;0;0;0;0;0;0;0;0;0;0;0
length_of_encounter_seconds='1.3';0;0;0;0,00;0;0;0;0;0;0;0;0;0,00;0,00;0;0;0;0;0;0;0;0;0;0;0;0;0;0;0
length_of_encounter_seconds='633';0;0,00;0;0;0;0;0;0;0;0;0;0;0;0;0;0;0;0;0;0;0;0;0;0;0;0;0;0;0
length_of_encounter_seconds='435';0;0;0;0;0;0;0;0;0;0;0;0;0,00;0;0;0;0;0;0;0;0;0;0;0;0;0;0;0;0
length_of_encounter_seconds='73';0,00;0;0;0;0;0;0;0;0;0;0;0;0;0;0;0;0;0;0;0;0;0;0;0;0;0;0;0;0
length_of_encounter_seconds='1289';0;0,00;0;0;0;0;0;0;0;0;0;0;0;0;0;0;0;0;0;0;0;0;0;0;0;0;0;0;0
length_of_encounter_seconds='1342';0;0;0,00;0;0;0;0;0;0;0;0;0;0;0;0;0;0;0;0;0;0;0;0;0;0;0;0;0;0
length_of_encounter_seconds='3045';0;0;0;0;0;0;0;0;0;0;0;0;0;0;0;0,00;0;0;0;0;0;0;0;0;0;0;0;0;0
length_of_encounter_seconds='930';0;0,00;0;0;0;0;0;0;0;0;0;0;0;0;0;0;0;0;0;0;0;0;0;0;0;0;0;0;0
length_of_encounter_seconds='841';0;0;0;0;0;0,00;0;0;0;0;0;0;0;0;0;0;0;0;0;0;0;0;0;0;0;0;0;0;0
length_of_encounter_seconds='382';0;0;0;0;0,00;0;0;0;0;0;0;0;0;0;0;0;0;0;0;0;0;0;0;0;0;0;0;0;0
length_of_encounter_seconds='384';0;0;0;0;0;0;0;0;0;0;0;0;0,00;0;0;0;0;0;0;0;0;0;0;0;0;0;0;0;0
length_of_encounter_seconds='0.75';0;0;0;0,00;0;0;0;0;0;0;0;0;0;0;0;0;0;0;0;0;0;0;0;0;0;0;0;0;0
length_of_encounter_seconds='101';0;0,00;0;0;0;0;0;0;0;0;0;0;0;0;0;0;0;0;0;0;0;0;0;0;0;0;0;0;0
length_of_encounter_seconds='72000';0;0;0;0;0;0;0,00;0;0;0;0;0;0;0;0;0;0;0;0;0;0;0;0;0;0;0;0;0;0
length_of_encounter_seconds='89';0;0;0;0;0;0;0;0;0,00;0;0;0;0;0;0;0;0;0;0;0;0;0;0;0;0;0;0;0;0
length_of_encounter_seconds='7380';0;0;0;0;0;0;0;0;0,00;0;0;0;0;0;0;0;0;0;0;0;0;0;0;0;0;0;0;0;0
length_of_encounter_seconds='205';0;0,00;0;0;0;0;0;0;0;0;0;0;0;0;0;0;0;0;0;0;0;0;0;0;0;0;0;0;0
length_of_encounter_seconds='1385';0;0,00;0;0;0;0;0;0;0;0;0;0;0;0;0;0;0;0;0;0;0;0;0;0;0;0;0;0;0
length_of_encounter_seconds='19800';0,00;0;0;0,00;0;0;0;0;0;0;0;0;0;0;0;0;0;0;0;0;0;0;0;0;0;0;0;0;0
length_of_encounter_seconds='1053';0;0;0;0;0;0;0;0;0;0;0;0;0,00;0;0;0;0;0;0;0;0;0;0;0;0;0;0;0;0
length_of_encounter_seconds='1400';0;0;0;0;0;0,00;0;0;0;0;0;0;0;0;0;0;0;0;0;0;0;0;0;0;0;0;0;0;0
length_of_encounter_seconds='597';0;0;0;0;0;0;0;0;0;0;0;0;0,00;0;0;0;0;0;0;0;0;0;0;0;0;0;0;0;0
length_of_encounter_seconds='3654000';0;0;0;0;0;0;0;0;0;0;0;0;0;0;0;0;0;0;0,00;0;0;0;0;0;0;0;0;0;0
length_of_encounter_seconds='66276000';0;0,00;0;0;0;0;0;0;0;0;0;0;0;0;0;0;0;0;0;0;0;0;0;0;0;0;0;0;0
length_of_encounter_seconds='0.7';0;0;0;0;0;0,00;0;0;0;0;0;0;0;0;0;0;0;0;0;0;0;0;0;0;0;0;0;0;0
length_of_encounter_seconds='585';0;0;0;0;0;0;0,00;0;0;0;0;0;0;0;0;0;0;0;0;0;0;0;0;0;0;0;0;0;0
length_of_encounter_seconds='216';0;0,00;0;0;0;0;0;0;0;0;0;0;0;0;0;0;0;0;0;0;0;0;0;0;0;0;0;0;0
length_of_encounter_seconds='309';0;0;0;0;0;0;0;0,00;0;0;0;0;0;0;0;0;0;0;0;0;0;0;0;0;0;0;0;0;0
length_of_encounter_seconds='393';0;0,00;0;0;0;0;0;0;0;0;0;0;0;0;0;0;0;0;0;0;0;0;0;0;0;0;0;0;0
length_of_encounter_seconds='173';0;0;0;0;0;0;0;0;0;0;0;0;0,00;0;0;0;0;0;0;0;0;0;0;0;0;0;0;0;0
length_of_encounter_seconds='1341';0;0;0;0;0;0;0;0;0;0;0;0;0;0;0;0;0;0;0,00;0;0;0;0;0;0;0;0;0;0
length_of_encounter_seconds='48';0;0;0;0;0;0;0;0;0;0;0;0;0;0;0;0;0;0;0,00;0;0;0;0;0;0;0;0;0;0
length_of_encounter_seconds='23400';0;0;0;0;0;0;0;0;0,00;0;0;0;0;0;0;0;0;0;0;0;0;0;0;0;0;0;0;0;0
length_of_encounter_seconds='1183';0;0,00;0;0;0;0;0;0;0;0;0;0;0;0;0;0;0;0;0;0;0;0;0;0;0;0;0;0;0
length_of_encounter_seconds='255';0;0;0;0;0;0;0;0;0;0;0;0;0,00;0;0;0;0;0;0;0;0;0;0;0;0;0;0;0;0
length_of_encounter_seconds='67';0;0,00;0;0;0;0;0;0;0;0;0;0;0;0;0;0;0;0;0;0;0;0;0;0;0;0;0;0;0
length_of_encounter_seconds='988';0;0;0;0,00;0;0;0;0;0;0;0;0;0;0;0;0;0;0;0;0;0;0;0;0;0;0;0;0;0
length_of_encounter_seconds='355';0;0;0;0;0;0;0,00;0;0;0;0;0;0;0;0;0;0;0;0;0;0;0;0;0;0;0;0;0;0
length_of_encounter_seconds='1172';0;0;0,00;0;0;0;0;0;0;0;0;0;0;0;0;0;0;0;0;0;0;0;0;0;0;0;0;0;0
length_of_encounter_seconds='1102';0;0,00;0;0;0;0;0;0;0;0;0;0;0;0;0;0;0;0;0;0;0;0;0;0;0;0;0;0;0
length_of_encounter_seconds='47';0;0;0,00;0;0;0;0;0;0;0;0;0;0;0;0;0;0;0;0;0;0;0;0;0;0;0;0;0;0
length_of_encounter_seconds='870';0;0;0,00;0;0;0;0;0;0;0;0;0;0;0;0;0;0;0;0;0;0;0;0;0;0;0;0;0;0
length_of_encounter_seconds='1076';0;0;0;0;0;0;0;0;0;0;0;0;0;0;0;0,00;0;0;0;0;0;0;0;0;0;0;0;0;0
length_of_encounter_seconds='1830';0;0;0;0;0;0;0;0;0;0;0,00;0;0;0;0;0;0;0;0;0;0;0;0;0;0;0;0;0;0
length_of_encounter_seconds='3634';0;0,00;0;0;0;0;0;0;0;0;0;0;0;0;0;0;0;0;0;0;0;0;0;0;0;0;0;0;0
length_of_encounter_seconds='4440';0;0;0,00;0;0;0;0;0;0;0;0;0;0;0;0;0;0;0;0;0;0;0;0;0;0;0;0;0;0
length_of_encounter_seconds='7245';0;0;0,00;0;0;0;0;0;0;0;0;0;0;0;0;0;0;0;0;0;0;0;0;0;0;0;0;0;0
length_of_encounter_seconds='1205';0;0,00;0;0;0;0;0;0;0;0;0;0;0;0;0;0;0;0;0;0;0;0;0;0;0;0;0;0;0
length_of_encounter_seconds='60.25';0;0;0;0;0;0;0;0;0;0,00;0;0;0;0;0;0;0;0;0;0;0;0;0;0;0;0;0;0;0
length_of_encounter_seconds='167';0;0,00;0;0;0;0;0;0;0;0;0;0;0;0;0;0;0;0;0;0;0;0;0;0;0;0;0;0;0
length_of_encounter_seconds='3602';0;0;0;0;0;0;0;0,00;0;0;0;0;0;0;0;0;0;0;0;0;0;0;0;0;0;0;0;0;0
length_of_encounter_seconds='181';0;0;0,00;0;0;0;0;0;0;0;0;0;0;0;0;0;0;0;0;0;0;0;0;0;0;0;0;0;0
hour='20';0,09;0,12;0,10;0,10;0,09;0,12;0,10;0,10;0,10;0,08;0,09;0,14;0,11;0,13;0,14;0,10;0,08;0,12;0,10;0,09;0,12;0,13;0;0;0;0;0;0;0
hour='21';0,09;0,17;0,15;0,14;0,10;0,20;0,13;0,12;0,12;0,08;0,11;0,14;0,15;0,16;0,43;0,12;0,09;0,12;0,12;0,11;0,14;0,16;0;0;0;0;0;0;0
hour='17';0,07;0,02;0,03;0,04;0,04;0,03;0,03;0,04;0,04;0,06;0,03;0,02;0,02;0,03;0;0,05;0,05;0,03;0,01;0,04;0,03;0,04;0;0;0;0;0;0;0
hour='19';0,07;0,08;0,07;0,08;0,07;0,09;0,07;0,07;0,07;0,07;0,09;0,09;0,07;0,07;0,14;0,08;0,06;0,09;0,07;0,06;0,09;0,06;0;0;0;0;1,00;0;0
hour='23';0,06;0,11;0,10;0,08;0,07;0,11;0,11;0,09;0,08;0,06;0,10;0,10;0,12;0,10;0,14;0,09;0,08;0,10;0,13;0,11;0,07;0,09;0;0,50;0;0;0;0;0
hour='13';0,05;0,00;0,02;0,02;0,04;0,00;0,01;0,02;0,02;0,04;0,03;0,02;0,01;0,01;0;0,02;0,04;0,02;0,01;0,03;0,02;0,03;0;0;0;0;0;0;0
hour='16';0,05;0,01;0,02;0,04;0,03;0,01;0,02;0,03;0,03;0,05;0,02;0,01;0,01;0,02;0,14;0,03;0,03;0,02;0,01;0,03;0,02;0,03;0;0;0;0;0;0;0
hour='22';0,07;0,16;0,14;0,12;0,09;0,16;0,14;0,12;0,11;0,08;0,11;0,16;0,15;0,16;0;0,11;0,09;0,12;0,14;0,11;0,11;0,14;0;0;1,00;0;0;0;0
hour='12';0,05;0,01;0,02;0,03;0,03;0,01;0,01;0,03;0,03;0,04;0,02;0,01;0,01;0,01;0;0,02;0,03;0,01;0,01;0,03;0,02;0,02;0;0;0;0;0;0;0
hour='02';0,02;0,03;0,03;0,02;0,03;0,02;0,04;0,03;0,03;0,03;0,03;0,03;0,03;0,03;0;0,03;0,02;0,04;0,04;0,03;0,03;0,01;0;0;0;0;0;0;0
hour='00';0,02;0,05;0,06;0,05;0,05;0,05;0,06;0,04;0,05;0,03;0,05;0,05;0,06;0,05;0;0,05;0,05;0,06;0,07;0,04;0,04;0,03;0;0;0;0;0;0;1,00
hour='07';0,02;0,01;0,01;0,01;0,02;0,01;0,01;0,02;0,01;0,03;0,02;0,00;0,01;0,01;0;0,01;0,02;0,02;0,01;0,03;0,01;0,02;0;0;0;0;0;0;0
hour='05';0,01;0,02;0,02;0,02;0,02;0,02;0,02;0,02;0,02;0,02;0,02;0,02;0,02;0,02;0;0,02;0,01;0,02;0,04;0,02;0,02;0,01;1,00;0;0;0;0;0;0
hour='18';0,06;0,05;0,05;0,05;0,07;0,05;0,04;0,05;0,06;0,06;0,05;0,04;0,04;0,05;0;0,05;0,06;0,04;0,04;0,06;0,06;0,03;0;0;0;1,00;0;0;0
hour='03';0,02;0,03;0,02;0,02;0,03;0,02;0,04;0,03;0,03;0,01;0,03;0,02;0,03;0,02;0;0,03;0,02;0,03;0,03;0,02;0,03;0,02;0;0;0;0;0;0;0
hour='15';0,05;0,01;0,02;0,03;0,04;0,00;0,02;0,02;0,02;0,05;0,03;0,01;0,01;0,01;0;0,03;0,05;0,01;0,01;0,02;0,02;0,01;0;0;0;0;0;0;0
hour='04';0,01;0,02;0,02;0,02;0,02;0,01;0,03;0,02;0,02;0,02;0,01;0,01;0,02;0,02;0;0,02;0,03;0,02;0,03;0,01;0,02;0,02;0;0;0;0;0;0;0
hour='06';0,02;0,02;0,02;0,01;0,01;0,01;0,02;0,01;0,02;0,02;0,01;0,01;0,01;0,01;0;0,02;0,02;0,02;0,02;0,02;0,01;0,02;0;0;0;0;0;0;0
hour='11';0,03;0,01;0,01;0,02;0,02;0,01;0,01;0,02;0,02;0,03;0,03;0,01;0,01;0,01;0;0,02;0,02;0,02;0,01;0,02;0,02;0,03;0;0;0;0;0;0;0
hour='09';0,02;0,01;0,01;0,01;0,01;0,01;0,01;0,02;0,01;0,02;0,02;0,01;0,01;0,01;0;0,02;0,01;0,01;0,01;0,02;0,02;0,01;0;0;0;0;0;0;0
hour='08';0,02;0,01;0,01;0,01;0,01;0,01;0,01;0,01;0,01;0,02;0,02;0,01;0,01;0,01;0;0,01;0,02;0,01;0,01;0,01;0,02;0,01;0;0;0;0;0;0;0
hour='14';0,05;0,00;0,01;0,03;0,04;0,00;0,01;0,03;0,03;0,05;0,03;0,01;0,01;0,01;0;0,03;0,04;0,02;0,00;0,03;0,03;0,03;0;0,50;0;0;0;0;0
hour='01';0,02;0,04;0,04;0,03;0,04;0,03;0,05;0,04;0,04;0,03;0,04;0,03;0,05;0,04;0;0,04;0,04;0,05;0,06;0,04;0,04;0,03;0;0;0;0;0;0;0
hour='10';0,03;0,01;0,02;0,02;0,02;0,01;0,01;0,02;0,02;0,02;0,02;0,00;0,01;0,01;0;0,02;0,02;0,02;0,01;0,02;0,02;0,02;0;0;0;0;0;0;0
hour='24';0,01;0,01;0,01;0,01;0,01;0,01;0,01;0,01;0,01;0,01;0,01;0,00;0,01;0,01;0;0,01;0,01;0,01;0,00;0,01;0,00;0,01;0;0;0;0;0;1,00;0
Prior Probability;0,02;0,21;0,10;0,07;0,07;0,08;0,07;0,05;0,07;0,03;0,02;0,01;0,10;0,03;0,00;0,03;0,01;0,02;0,02;0,01;0,00;0,00;0,00;0,00;0,00;0,00;0,00;0,00;0,00

Četnosti predikcí:
Shape=cigar Count=1
Shape=circle Count=7
Shape=cone Count=1
Shape=cylinder Count=7
Shape=diamond Count=2
Shape=disk Count=91
Shape=fireball Count=4
Shape=flash Count=8
Shape=changing Count=1
Shape=light Count=1739
Shape=other Count=18
Shape=oval Count=2
Shape=sphere Count=40
Shape=triangle Count=6
Shape=unknown Count=5
Success = 0,1766667
